1 0.000000 0.000000
4 0.280960 0.099286
7 0.354792 0.084880
10 0.394281 0.070014
13 0.418076 0.059767
16 0.423868 0.049195
19 0.428634 0.042578
22 0.435123 0.039326
25 0.425751 0.032219
28 0.444871 0.031775
31 0.451106 0.029830
34 0.437038 0.024441
37 0.449403 0.023617
40 0.449863 0.023352
43 0.453270 0.021410
46 0.447652 0.019183
49 0.450780 0.018325
52 0.454700 0.017542
55 0.458099 0.016612
58 0.455766 0.015531
61 0.457033 0.015134
64 0.451483 0.014366
67 0.451166 0.013363
70 0.457693 0.013022
73 0.460162 0.012819
76 0.459573 0.012352
79 0.449777 0.011348
82 0.461404 0.011587
85 0.456907 0.011030
88 0.457437 0.010391
91 0.468589 0.010609
94 0.459389 0.009702
97 0.459182 0.009884
100 0.458724 0.009392
