1 0.000000 0.000000
2 0.023328 0.015625
5 0.056271 0.022524
7 0.063961 0.020892
9 0.067281 0.016837
11 0.069435 0.015061
13 0.075528 0.013916
15 0.072472 0.012225
17 0.075759 0.011314
19 0.075042 0.009960
22 0.074682 0.008406
24 0.079281 0.008693
26 0.074996 0.007037
28 0.080708 0.007759
31 0.080292 0.006815
33 0.079379 0.006563
36 0.076616 0.005467
39 0.080283 0.005615
42 0.080672 0.005138
45 0.079114 0.004693
48 0.081669 0.004473
52 0.081431 0.004307
56 0.082236 0.004093
60 0.081225 0.003535
64 0.082992 0.003611
68 0.081260 0.003278
73 0.081254 0.003047
79 0.081790 0.002786
84 0.080702 0.002536
91 0.081077 0.002337
98 0.081690 0.002253
105 0.084240 0.002236
114 0.083165 0.001906
123 0.081831 0.001766
133 0.082372 0.001702
145 0.085015 0.001669
159 0.083704 0.001462
174 0.083688 0.001334
192 0.083963 0.001198
214 0.082702 0.001042
240 0.082245 0.000926
272 0.083682 0.000857
313 0.083246 0.000719
368 0.083681 0.000632
446 0.083745 0.000513
566 0.084463 0.000420
777 0.084176 0.000298
1242 0.084035 0.000188
2606 0.083803 0.000089
