1 0.000000 0.000000
2 0.002351 0.001624
18 0.009937 0.001543
34 0.010771 0.000915
48 0.010819 0.000623
61 0.011058 0.000512
73 0.011476 0.000423
86 0.011314 0.000371
99 0.011723 0.000340
112 0.011635 0.000305
125 0.011418 0.000261
139 0.011737 0.000247
154 0.011358 0.000204
169 0.011660 0.000204
184 0.011497 0.000180
201 0.011530 0.000168
218 0.011619 0.000152
236 0.011777 0.000146
255 0.011959 0.000135
275 0.011924 0.000125
296 0.011911 0.000117
318 0.011867 0.000108
341 0.011885 0.000099
366 0.012163 0.000097
393 0.011890 0.000086
421 0.011981 0.000083
451 0.011721 0.000076
483 0.011966 0.000073
517 0.011868 0.000067
554 0.011823 0.000061
594 0.011886 0.000060
637 0.011681 0.000053
683 0.011769 0.000050
734 0.011736 0.000047
789 0.012065 0.000043
850 0.011802 0.000040
917 0.011892 0.000037
990 0.011989 0.000036
1073 0.011831 0.000032
1165 0.011967 0.000031
1270 0.011953 0.000028
1389 0.011867 0.000025
1526 0.011868 0.000022
1687 0.011898 0.000021
1877 0.011997 0.000019
2107 0.011903 0.000017
2392 0.011830 0.000015
2756 0.011890 0.000012
3243 0.011841 0.000010
3937 0.011922 0.000009
