1 0.000000 0.000000
2 0.025183 0.016821
3 0.052394 0.031309
4 0.072549 0.040998
5 0.085524 0.046608
6 0.108567 0.056483
7 0.125751 0.063678
8 0.151178 0.074283
9 0.167092 0.079631
10 0.183684 0.085744
11 0.208377 0.094874
12 0.226698 0.099825
13 0.231450 0.101596
14 0.253804 0.106675
15 0.256871 0.107030
16 0.287732 0.117097
17 0.299707 0.117202
18 0.312860 0.121585
19 0.333249 0.124713
20 0.338994 0.125671
22 0.371568 0.131974
24 0.390010 0.135580
26 0.427769 0.141369
28 0.440692 0.141057
30 0.458179 0.142376
33 0.513725 0.147238
36 0.532559 0.146303
39 0.561550 0.146043
42 0.593547 0.149045
46 0.629620 0.144103
50 0.672230 0.144519
55 0.706453 0.142021
60 0.745964 0.133581
66 0.788113 0.131484
72 0.819980 0.125274
79 0.854794 0.118993
86 0.892188 0.113583
94 0.930267 0.109102
103 0.958584 0.103124
113 0.994295 0.097710
124 1.024649 0.093838
136 1.057869 0.088081
149 1.078956 0.081477
163 1.102949 0.079386
179 1.135014 0.072331
196 1.154744 0.071323
215 1.174873 0.066360
236 1.199193 0.063311
259 1.216029 0.060543
284 1.233744 0.056933
312 1.246113 0.052953
343 1.260559 0.049564
377 1.274645 0.046215
414 1.287290 0.043535
