1 0.000000 0.000000
2 0.001248 0.000863
3 0.001397 0.000888
4 0.002468 0.001644
5 0.002876 0.001686
6 0.002915 0.001745
7 0.003365 0.001946
8 0.005128 0.002989
9 0.004688 0.002800
10 0.005649 0.003281
11 0.008098 0.004495
12 0.006884 0.003966
13 0.006140 0.003384
14 0.007624 0.004362
15 0.010360 0.005742
16 0.010073 0.005693
17 0.010648 0.005965
18 0.011655 0.006610
19 0.007668 0.004286
20 0.010871 0.006228
22 0.015667 0.008758
24 0.016026 0.009010
26 0.016487 0.009269
28 0.019243 0.010421
30 0.020943 0.011397
33 0.019805 0.011495
36 0.023324 0.012894
39 0.021783 0.012003
42 0.021688 0.011735
46 0.027497 0.015037
50 0.029311 0.015755
55 0.032783 0.017929
60 0.038241 0.020807
66 0.036688 0.020038
72 0.043530 0.023753
79 0.047241 0.025486
86 0.046010 0.024592
94 0.052364 0.028055
103 0.060120 0.031859
113 0.069060 0.036549
124 0.069248 0.036165
136 0.081194 0.042407
149 0.082677 0.042189
163 0.096619 0.049468
179 0.098169 0.050026
196 0.107801 0.053843
215 0.121229 0.060611
236 0.143556 0.069269
259 0.138484 0.066208
284 0.155801 0.074135
312 0.176055 0.081268
343 0.193703 0.088637
377 0.207790 0.091811
414 0.224062 0.098568
455 0.234292 0.100415
500 0.259127 0.108144
550 0.282054 0.114785
605 0.307199 0.118321
665 0.334953 0.124087
731 0.351386 0.127116
804 0.393129 0.136077
884 0.413924 0.138500
972 0.452678 0.138773
1069 0.484287 0.144412
1175 0.517095 0.143955
1292 0.555950 0.143140
1421 0.580758 0.144135
1563 0.629785 0.144020
1719 0.660667 0.143105
1890 0.702316 0.138127
2079 0.741774 0.132483
2286 0.784213 0.129494
2514 0.816140 0.124357
2765 0.856760 0.119079
3041 0.891979 0.113571
3345 0.930491 0.107848
3679 0.962536 0.102820
4046 1.000028 0.095976
4450 1.025297 0.092028
4895 1.059848 0.086846
5384 1.082054 0.081062
5922 1.112949 0.078283
6514 1.135156 0.072674
7165 1.161000 0.069536
7881 1.179730 0.066034
8669 1.201076 0.062725
9535 1.213630 0.058595
10488 1.231505 0.055360
11536 1.245621 0.051600
12689 1.255951 0.048020
13957 1.272999 0.045620
15352 1.281906 0.041998
