1 0.000000 0.000000
2 0.001248 0.000863
3 0.003302 0.002093
4 0.005200 0.003244
5 0.006644 0.004002
6 0.009134 0.005223
7 0.009246 0.005383
8 0.013150 0.007648
9 0.011749 0.006641
10 0.012938 0.007000
11 0.018565 0.010455
12 0.018733 0.010705
13 0.017673 0.010117
14 0.020264 0.011555
15 0.021948 0.012487
16 0.023944 0.013467
17 0.025153 0.014234
18 0.028533 0.015970
19 0.024025 0.013425
20 0.026155 0.014466
22 0.031032 0.017201
24 0.031948 0.017402
26 0.034530 0.019152
28 0.037105 0.020255
30 0.044053 0.023972
33 0.045647 0.024241
36 0.051580 0.027632
39 0.056349 0.030243
42 0.055729 0.029828
46 0.063496 0.033565
50 0.068814 0.036486
55 0.080323 0.041664
60 0.082729 0.042542
66 0.089310 0.046817
72 0.096499 0.049044
79 0.106734 0.053934
86 0.121795 0.061202
94 0.123322 0.060397
103 0.136060 0.066294
113 0.150518 0.072288
124 0.165492 0.078138
136 0.178816 0.080986
149 0.195144 0.088364
163 0.207371 0.093815
179 0.232917 0.101952
196 0.250236 0.104730
215 0.269641 0.109737
236 0.300106 0.116661
259 0.321354 0.122522
284 0.338873 0.124511
312 0.365413 0.133127
343 0.394917 0.136699
377 0.426474 0.139764
414 0.451781 0.141280
455 0.495504 0.142837
500 0.520652 0.144459
550 0.557608 0.146258
605 0.595640 0.144916
665 0.632030 0.140613
731 0.668622 0.143531
804 0.705696 0.138293
884 0.743984 0.135601
972 0.789266 0.129813
1069 0.825014 0.125375
1175 0.860718 0.120301
1292 0.902359 0.112017
1421 0.931278 0.108019
1563 0.966518 0.099956
1719 1.001355 0.095354
1890 1.028766 0.090270
2079 1.060204 0.087823
2286 1.089283 0.081721
2514 1.115431 0.077129
2765 1.139808 0.073331
3041 1.163031 0.070949
3345 1.177639 0.064742
3679 1.201171 0.061929
4046 1.218623 0.058280
4450 1.231701 0.054194
4895 1.246805 0.051253
5384 1.260289 0.047787
5922 1.270781 0.044489
6514 1.286598 0.042117
