1 0.000000 0.000000
2 0.066013 0.041399
3 0.118361 0.064781
4 0.174875 0.086222
5 0.205481 0.095408
6 0.265096 0.111531
7 0.289388 0.119559
8 0.333692 0.127517
9 0.379445 0.135330
10 0.398539 0.136718
11 0.429199 0.141022
12 0.459908 0.143665
13 0.499050 0.145708
14 0.520676 0.145238
15 0.536934 0.145615
16 0.575445 0.146198
17 0.597576 0.146944
18 0.622513 0.143845
19 0.640649 0.145694
20 0.668229 0.138861
22 0.698753 0.139672
24 0.735821 0.136562
26 0.763018 0.130228
28 0.811469 0.128162
30 0.834141 0.122925
33 0.877037 0.117100
36 0.912677 0.114587
39 0.943783 0.107032
42 0.968498 0.103890
46 1.004643 0.095419
50 1.037257 0.092961
55 1.061769 0.086440
60 1.091214 0.082155
66 1.120982 0.079355
72 1.150486 0.073235
79 1.172794 0.069093
86 1.192049 0.066848
94 1.210617 0.062755
103 1.232057 0.060392
113 1.251755 0.056329
124 1.262356 0.052476
136 1.282253 0.050580
