1 0.000000 0.000000
2 0.146232 0.079976
3 0.266248 0.117706
4 0.361449 0.135828
5 0.450787 0.143384
6 0.520979 0.146478
7 0.575359 0.149332
8 0.632495 0.146651
9 0.680287 0.142288
10 0.737729 0.134848
11 0.776627 0.130955
12 0.815995 0.127385
13 0.845774 0.123924
14 0.875576 0.118432
15 0.916137 0.112106
16 0.940871 0.107367
17 0.962774 0.103290
18 0.979979 0.100505
19 1.013037 0.095083
20 1.032779 0.093117
22 1.063610 0.087651
24 1.098373 0.081429
26 1.121691 0.076157
28 1.149736 0.075831
30 1.166491 0.071361
33 1.198175 0.065730
36 1.218180 0.064402
39 1.241236 0.061792
42 1.255041 0.059068
46 1.277261 0.055466
50 1.293778 0.052252
