1 0.000000 0.000000
2 0.003995 0.002753
3 0.008460 0.005321
4 0.012656 0.007570
5 0.014505 0.008531
6 0.016728 0.009680
7 0.025234 0.014636
8 0.028021 0.015681
9 0.027722 0.015781
10 0.033548 0.018937
11 0.040775 0.022742
12 0.040231 0.022454
13 0.044985 0.024527
14 0.047670 0.025703
15 0.052553 0.029047
16 0.056301 0.030281
17 0.055531 0.030181
18 0.061761 0.034008
19 0.067446 0.035760
20 0.065441 0.034973
22 0.071158 0.037031
24 0.084547 0.043883
26 0.088749 0.046546
28 0.085930 0.044597
30 0.098877 0.051020
33 0.108257 0.054044
36 0.121029 0.060398
39 0.124595 0.062580
42 0.138973 0.067994
46 0.151615 0.072984
50 0.158854 0.075166
55 0.179556 0.082390
60 0.194877 0.088290
66 0.211951 0.092487
72 0.222800 0.097755
79 0.252867 0.106127
86 0.257114 0.108843
94 0.278770 0.114714
103 0.307549 0.119071
113 0.324010 0.123870
124 0.342054 0.125808
136 0.381207 0.135554
149 0.408348 0.136840
163 0.431905 0.141719
179 0.473858 0.143993
196 0.503747 0.144491
215 0.543350 0.145594
236 0.575700 0.145243
259 0.608360 0.146118
284 0.648453 0.142399
312 0.683204 0.140389
343 0.718559 0.135149
377 0.761748 0.133147
414 0.796662 0.128435
455 0.839872 0.121767
500 0.872973 0.115749
550 0.906018 0.110059
605 0.943567 0.105683
665 0.977388 0.100066
731 1.010083 0.094840
804 1.041789 0.089458
884 1.066452 0.083335
972 1.099482 0.079567
1069 1.123269 0.077222
1175 1.145422 0.071298
1292 1.165304 0.068120
1421 1.187910 0.064160
1563 1.205059 0.060789
1719 1.222407 0.057206
1890 1.237135 0.053548
2079 1.250679 0.049843
2286 1.265049 0.046256
2514 1.273312 0.043536
2765 1.284007 0.040128
