1 0.000000 0.000000
2 0.010676 0.007286
3 0.017216 0.010688
4 0.026101 0.015469
5 0.037603 0.021563
6 0.047189 0.026276
7 0.055465 0.030806
8 0.066880 0.036398
9 0.070963 0.038224
10 0.073850 0.039054
11 0.096332 0.050703
12 0.098578 0.050641
13 0.102754 0.052877
14 0.116350 0.058641
15 0.122778 0.060734
16 0.126556 0.063044
17 0.132676 0.064591
18 0.145307 0.071012
19 0.141373 0.068202
20 0.158607 0.074733
22 0.172701 0.080545
24 0.185262 0.084288
26 0.201909 0.090996
28 0.208800 0.093464
30 0.230772 0.100989
33 0.249138 0.105480
36 0.251902 0.106586
39 0.279686 0.115152
42 0.301502 0.117165
46 0.318283 0.123964
50 0.337579 0.125485
55 0.382025 0.132310
60 0.399256 0.135676
66 0.441745 0.141033
72 0.460181 0.142278
79 0.493553 0.144872
86 0.519508 0.144042
94 0.556240 0.145543
103 0.586626 0.141924
113 0.628847 0.144781
124 0.670619 0.140043
136 0.696587 0.138619
149 0.748255 0.133027
163 0.785372 0.130750
179 0.815361 0.123023
196 0.856860 0.118611
215 0.894403 0.111649
236 0.925496 0.107874
259 0.964964 0.104323
284 0.994935 0.098500
312 1.024930 0.091789
343 1.060343 0.086474
377 1.087216 0.082434
414 1.111305 0.077538
455 1.134338 0.073853
500 1.157746 0.070504
550 1.173545 0.065466
605 1.198707 0.063067
665 1.219058 0.059604
731 1.226801 0.055260
804 1.245699 0.051444
884 1.258846 0.048250
972 1.269950 0.044931
1069 1.285254 0.042132
