1 0.000000 0.000000
2 0.009096 0.006222
3 0.016397 0.010188
4 0.024188 0.014198
5 0.031196 0.018059
6 0.041011 0.023389
7 0.046610 0.025977
8 0.051287 0.027956
9 0.054749 0.029819
10 0.062336 0.033580
11 0.069960 0.037195
12 0.076990 0.040012
13 0.085694 0.045085
14 0.088825 0.045659
15 0.094551 0.048589
16 0.101442 0.051577
17 0.105413 0.053043
18 0.109491 0.055256
19 0.120542 0.060758
20 0.127584 0.063650
22 0.130781 0.064051
24 0.143487 0.068939
26 0.156903 0.073965
28 0.167468 0.078832
30 0.183625 0.086202
33 0.197035 0.089514
36 0.221032 0.096978
39 0.235269 0.101423
42 0.246758 0.103381
46 0.262140 0.108872
50 0.289261 0.115804
55 0.308895 0.118920
60 0.334240 0.124588
66 0.360224 0.131406
72 0.380628 0.131772
79 0.409450 0.136962
86 0.443939 0.140555
94 0.472948 0.144077
103 0.500100 0.144261
113 0.541145 0.143590
124 0.573289 0.144837
136 0.618407 0.145707
149 0.637877 0.139246
163 0.684707 0.142706
179 0.720724 0.138585
196 0.764404 0.132318
215 0.797280 0.126792
236 0.830467 0.121431
259 0.868541 0.117659
284 0.899363 0.111174
312 0.940336 0.106231
343 0.974827 0.100641
377 1.005946 0.094576
414 1.042706 0.088949
455 1.072949 0.084962
500 1.098437 0.081127
550 1.120479 0.076129
605 1.145394 0.072510
665 1.167147 0.067837
731 1.183622 0.063168
804 1.201732 0.060224
884 1.224177 0.057792
972 1.237917 0.053731
1069 1.250573 0.049882
1175 1.262557 0.046400
1292 1.276007 0.043889
1421 1.286149 0.040939
