1 0.000000 0.000000
2 0.098682 0.058663
3 0.173722 0.088116
4 0.239725 0.106950
5 0.295001 0.121068
6 0.349914 0.131690
7 0.405210 0.138622
8 0.457218 0.144527
9 0.500705 0.146658
10 0.544584 0.145718
11 0.580761 0.148411
12 0.614904 0.145586
13 0.650740 0.146562
14 0.678646 0.145325
15 0.701553 0.140254
16 0.736335 0.138194
17 0.759662 0.131176
18 0.785604 0.129178
19 0.811531 0.127712
20 0.832685 0.124677
22 0.879397 0.118601
24 0.916816 0.111737
26 0.945521 0.106171
28 0.967590 0.103581
30 1.000889 0.096182
33 1.034991 0.091377
36 1.066278 0.087096
39 1.092415 0.084541
42 1.119572 0.079744
46 1.142611 0.074337
50 1.162097 0.070305
55 1.189871 0.067136
60 1.210358 0.064080
66 1.234855 0.060530
72 1.252454 0.057357
79 1.270927 0.054290
86 1.284526 0.050995
