1 0.000000 0.000000
2 0.038174 0.025003
3 0.071078 0.041107
4 0.098159 0.054449
5 0.130712 0.067752
6 0.158266 0.076900
7 0.174470 0.084453
8 0.208805 0.094838
9 0.232492 0.101329
10 0.255844 0.109590
11 0.281051 0.115229
12 0.290306 0.117368
13 0.325888 0.123641
14 0.340328 0.126626
15 0.351298 0.129943
16 0.380345 0.133408
17 0.399133 0.136380
18 0.406149 0.139070
19 0.423249 0.141325
20 0.449403 0.140115
22 0.482825 0.145126
24 0.514646 0.147304
26 0.542560 0.143185
28 0.575956 0.144418
30 0.599154 0.146227
33 0.633541 0.143502
36 0.678255 0.141400
39 0.706497 0.136539
42 0.740397 0.137667
46 0.772423 0.130690
50 0.804404 0.127150
55 0.846036 0.120312
60 0.887113 0.117292
66 0.920140 0.110074
72 0.952881 0.105860
79 0.988242 0.098695
86 1.018260 0.091728
94 1.049989 0.089154
103 1.080379 0.084187
113 1.106527 0.079481
124 1.129790 0.074660
136 1.154981 0.071283
149 1.176954 0.066766
163 1.196560 0.063282
179 1.215639 0.060585
196 1.232691 0.056059
215 1.247564 0.053211
236 1.262882 0.050916
259 1.278357 0.046988
284 1.286429 0.042970
