1 0.000000 0.000000
2 0.061890 0.039069
3 0.114016 0.062489
4 0.154054 0.077329
5 0.197329 0.092571
6 0.241096 0.105519
7 0.274709 0.114051
8 0.320132 0.126099
9 0.344529 0.131267
10 0.374799 0.134610
11 0.400523 0.137714
12 0.437070 0.142360
13 0.462775 0.144689
14 0.493979 0.147052
15 0.514428 0.145822
16 0.545165 0.145115
17 0.566169 0.146511
18 0.589498 0.147047
19 0.608453 0.144610
20 0.631175 0.145818
22 0.672770 0.145562
24 0.710468 0.138236
26 0.736909 0.136747
28 0.770814 0.130898
30 0.803714 0.126690
33 0.842566 0.122575
36 0.871521 0.113971
39 0.910481 0.112087
42 0.939413 0.107588
46 0.971432 0.102857
50 1.005213 0.095478
55 1.039405 0.090720
60 1.068353 0.085198
66 1.100348 0.082528
72 1.125215 0.076932
79 1.151944 0.072794
86 1.171503 0.068365
94 1.194377 0.065943
103 1.214576 0.063136
113 1.232144 0.059897
124 1.252055 0.054833
136 1.265948 0.052287
149 1.281358 0.048974
