1 0.000000 0.000000
2 0.019267 0.012983
3 0.034522 0.021090
4 0.045566 0.026142
5 0.059601 0.033585
6 0.069777 0.039083
7 0.089048 0.047043
8 0.099653 0.051451
9 0.112847 0.058224
10 0.122095 0.060355
11 0.140100 0.069271
12 0.148566 0.072233
13 0.162348 0.078086
14 0.173422 0.081952
15 0.183344 0.084839
16 0.188270 0.086814
17 0.201308 0.091829
18 0.203673 0.092247
19 0.215599 0.095410
20 0.228930 0.100860
22 0.260504 0.107338
24 0.270215 0.112561
26 0.295441 0.118724
28 0.314981 0.120201
30 0.329266 0.123432
33 0.366818 0.133031
36 0.390065 0.133400
39 0.410602 0.137711
42 0.437495 0.141496
46 0.456502 0.140898
50 0.501148 0.144329
55 0.532082 0.146727
60 0.563599 0.149319
66 0.599805 0.142411
72 0.634876 0.147264
79 0.671938 0.140340
86 0.705578 0.137394
94 0.746052 0.135810
103 0.780673 0.129600
113 0.815689 0.124350
124 0.851229 0.118005
136 0.894376 0.112720
149 0.928627 0.107978
163 0.958244 0.104181
179 0.997124 0.094900
196 1.028864 0.091115
215 1.056525 0.086498
236 1.083529 0.081637
259 1.109753 0.076863
284 1.132107 0.074095
312 1.153524 0.069236
343 1.177548 0.065961
377 1.194169 0.062490
414 1.214632 0.059374
455 1.231506 0.055591
500 1.247402 0.052284
550 1.258360 0.048101
605 1.272147 0.044994
665 1.282248 0.042295
731 1.294565 0.039392
804 1.305412 0.036636
884 1.312681 0.033568
972 1.320800 0.031127
1069 1.326853 0.028911
1175 1.333217 0.026382
1292 1.339650 0.024659
1421 1.343643 0.022081
1563 1.348854 0.020344
1719 1.354932 0.018998
