1 0.000000 0.000000
2 0.023860 0.015969
3 0.045799 0.027434
4 0.067566 0.038415
5 0.080522 0.044426
6 0.106453 0.054933
7 0.114784 0.058876
8 0.129522 0.065304
9 0.138785 0.069166
10 0.159689 0.077575
11 0.180971 0.085173
12 0.191069 0.088212
13 0.205515 0.092985
14 0.220489 0.096852
15 0.242999 0.103641
16 0.254003 0.107046
17 0.265650 0.108202
18 0.284659 0.116608
19 0.295519 0.117685
20 0.302050 0.118251
22 0.319470 0.121625
24 0.348402 0.129414
26 0.367701 0.131337
28 0.408912 0.138260
30 0.425271 0.139306
33 0.446023 0.141835
36 0.485936 0.143744
39 0.523129 0.145836
42 0.539039 0.146123
46 0.574191 0.145316
50 0.606919 0.144694
55 0.644990 0.142585
60 0.689371 0.137056
66 0.726129 0.135404
72 0.750994 0.136175
79 0.790174 0.126801
86 0.830040 0.121225
94 0.868203 0.119640
103 0.900216 0.113376
113 0.939495 0.107037
124 0.969420 0.101597
136 1.004809 0.094617
149 1.034546 0.089427
163 1.064127 0.086936
179 1.091953 0.081693
196 1.114884 0.076969
215 1.140690 0.073321
236 1.163211 0.069692
259 1.182187 0.064879
284 1.203508 0.061529
312 1.222120 0.059620
343 1.237463 0.054159
377 1.251954 0.050920
414 1.264298 0.047459
455 1.279749 0.045269
500 1.288240 0.041381
