1 0.000000 0.000000
2 0.002348 0.001622
3 0.005589 0.003530
4 0.005803 0.003524
5 0.010340 0.006217
6 0.009748 0.005576
7 0.012886 0.007463
8 0.014583 0.008528
9 0.017936 0.010660
10 0.016281 0.009287
11 0.022011 0.012408
12 0.022096 0.012395
13 0.027174 0.015397
14 0.027209 0.015192
15 0.030648 0.016882
16 0.029001 0.016563
17 0.033161 0.018582
18 0.035701 0.019485
19 0.035067 0.019008
20 0.040502 0.021762
22 0.040188 0.021763
24 0.048423 0.026406
26 0.050945 0.027818
28 0.051712 0.028214
30 0.057695 0.031135
33 0.064234 0.034155
36 0.062422 0.033334
39 0.073352 0.039057
42 0.084899 0.043837
46 0.084285 0.043949
50 0.088769 0.045634
55 0.110535 0.055196
60 0.112337 0.056365
66 0.123561 0.061061
72 0.137089 0.066277
79 0.148793 0.072040
86 0.165891 0.077912
94 0.175080 0.080971
103 0.186906 0.086160
113 0.206191 0.091595
124 0.215859 0.094750
136 0.238483 0.103995
149 0.259225 0.107734
163 0.288010 0.115404
179 0.301611 0.120248
196 0.324391 0.121564
215 0.350169 0.130090
236 0.383513 0.135905
259 0.404422 0.134374
284 0.449710 0.140159
312 0.469425 0.142887
343 0.510659 0.144470
377 0.538529 0.144099
414 0.579714 0.143989
455 0.612838 0.143651
500 0.645476 0.145900
550 0.695106 0.137097
605 0.727030 0.135259
665 0.766010 0.130532
731 0.807087 0.126029
804 0.843090 0.120535
884 0.876820 0.114281
972 0.917574 0.108499
1069 0.951424 0.104147
1175 0.985518 0.097667
1292 1.017286 0.094209
1421 1.047284 0.087348
1563 1.077068 0.083986
1719 1.101029 0.079049
1890 1.129594 0.074918
2079 1.151761 0.071313
2286 1.171314 0.067631
2514 1.192234 0.062478
2765 1.206994 0.059263
3041 1.225656 0.055490
3345 1.240025 0.051653
3679 1.252605 0.049019
4046 1.267775 0.046367
4450 1.279683 0.042684
4895 1.286057 0.039856
5384 1.296674 0.036630
5922 1.304563 0.033961
6514 1.312720 0.031213
7165 1.319118 0.028749
7881 1.325180 0.026610
8669 1.331004 0.024172
