1 0.000000 0.000000
2 0.246980 0.110194
3 0.414001 0.140301
4 0.555360 0.144173
5 0.670478 0.140381
6 0.752469 0.131226
7 0.829689 0.120010
8 0.897533 0.114241
9 0.955916 0.103564
10 1.001242 0.093126
11 1.037792 0.089903
12 1.077043 0.083910
13 1.110590 0.079331
14 1.135037 0.075304
15 1.163878 0.072338
16 1.183677 0.069057
17 1.206806 0.068040
18 1.222831 0.063239
19 1.241075 0.061885
20 1.255179 0.060775
22 1.278316 0.057187
24 1.298049 0.053821
26 1.317334 0.051773
28 1.335473 0.048952
30 1.346945 0.046587
33 1.364830 0.043789
