1 0.000000 0.000000
2 0.013462 0.009150
3 0.028476 0.017572
4 0.037735 0.022215
5 0.050819 0.028467
6 0.061052 0.033496
7 0.071898 0.039167
8 0.079593 0.042746
9 0.092988 0.048317
10 0.104096 0.054030
11 0.110658 0.056437
12 0.121441 0.061117
13 0.129672 0.065259
14 0.135256 0.065626
15 0.138996 0.067204
16 0.157589 0.075110
17 0.172751 0.080619
18 0.179642 0.083529
19 0.191131 0.086721
20 0.203926 0.092125
22 0.213109 0.094862
24 0.230644 0.100672
26 0.258140 0.108791
28 0.264441 0.108522
30 0.282183 0.113300
33 0.307351 0.121097
36 0.320813 0.124578
39 0.352887 0.129523
42 0.361127 0.133054
46 0.408266 0.133923
50 0.435173 0.139821
55 0.464687 0.142746
60 0.486440 0.144568
66 0.519061 0.147521
72 0.560281 0.146123
79 0.587002 0.146315
86 0.626390 0.143283
94 0.659651 0.141878
103 0.697611 0.138193
113 0.730761 0.136376
124 0.774315 0.132802
136 0.818187 0.125292
149 0.847917 0.119976
163 0.887373 0.116081
179 0.923216 0.109012
196 0.953557 0.103147
215 0.988666 0.098792
236 1.021028 0.093968
259 1.048486 0.087615
284 1.076233 0.083556
312 1.105611 0.078509
343 1.130272 0.075574
377 1.155382 0.070864
414 1.174809 0.067000
455 1.192501 0.063427
500 1.210924 0.059874
550 1.228323 0.055957
605 1.241548 0.051657
665 1.256916 0.049085
731 1.267545 0.045657
804 1.283391 0.043053
