1 0.000000 0.000000
2 0.004541 0.003127
3 0.011228 0.007134
4 0.016983 0.010180
5 0.019054 0.011213
6 0.024665 0.014087
7 0.027298 0.015573
8 0.030316 0.016719
9 0.035151 0.019573
10 0.039310 0.022211
11 0.040364 0.022393
12 0.044856 0.024353
13 0.049003 0.026843
14 0.054677 0.029712
15 0.059822 0.031895
16 0.063588 0.035022
17 0.071101 0.037667
18 0.070456 0.037424
19 0.073643 0.038420
20 0.075166 0.039034
22 0.086962 0.044875
24 0.094997 0.049140
26 0.100778 0.051658
28 0.109753 0.055650
30 0.113553 0.057311
33 0.126662 0.062778
36 0.140697 0.067282
39 0.148857 0.071551
42 0.156042 0.074371
46 0.173213 0.079964
50 0.192065 0.087414
55 0.202558 0.091064
60 0.219495 0.096293
66 0.234422 0.099911
72 0.249359 0.104310
79 0.279474 0.112229
86 0.295240 0.117605
94 0.310708 0.121603
103 0.351171 0.128108
113 0.369960 0.135581
124 0.398290 0.135415
136 0.434388 0.138492
149 0.455070 0.141351
163 0.494097 0.142749
179 0.524429 0.146306
196 0.546720 0.144448
215 0.599268 0.142311
236 0.631689 0.141948
259 0.666914 0.139546
284 0.705032 0.136609
312 0.737984 0.133647
343 0.785146 0.127662
377 0.824562 0.125807
414 0.858753 0.116794
455 0.892948 0.112569
500 0.932931 0.107708
550 0.963593 0.100979
605 0.998767 0.094224
665 1.027372 0.092874
731 1.057364 0.087209
804 1.086431 0.080833
884 1.113191 0.076537
972 1.134213 0.072759
1069 1.160012 0.069296
1175 1.181828 0.065803
1292 1.196732 0.060988
1421 1.217109 0.057864
1563 1.230826 0.054074
1719 1.246099 0.051406
1890 1.261616 0.048773
2079 1.272517 0.044334
2286 1.281846 0.041939
