1 0.000000 0.000000
2 0.001109 0.000767
3 0.002030 0.001289
4 0.003630 0.002211
5 0.004777 0.002766
6 0.007887 0.004596
7 0.007170 0.004147
8 0.008156 0.004664
9 0.009575 0.005522
10 0.011734 0.006996
11 0.010329 0.005834
12 0.013952 0.007900
13 0.013582 0.007838
14 0.016877 0.009789
15 0.014250 0.007733
16 0.017472 0.009692
17 0.020883 0.012019
18 0.021047 0.011870
19 0.020469 0.011417
20 0.020873 0.011844
22 0.023658 0.013075
24 0.025994 0.014633
26 0.030050 0.016721
28 0.030857 0.017139
30 0.033016 0.017525
33 0.038169 0.020516
36 0.040741 0.022467
39 0.040953 0.021859
42 0.047618 0.026118
46 0.052983 0.029098
50 0.056528 0.029853
55 0.061284 0.032503
60 0.067177 0.036045
66 0.074204 0.039068
72 0.075193 0.039258
79 0.082955 0.042652
86 0.088471 0.046049
94 0.103067 0.051373
103 0.112432 0.056425
113 0.119752 0.058360
124 0.131226 0.064519
136 0.140281 0.067889
149 0.151530 0.072611
163 0.168672 0.078095
179 0.187274 0.085548
196 0.203509 0.091969
215 0.216982 0.095865
236 0.229327 0.098085
259 0.248309 0.104204
284 0.267276 0.109580
312 0.289046 0.113990
343 0.328061 0.122248
377 0.347269 0.126841
414 0.367375 0.130159
455 0.403142 0.136835
500 0.431426 0.139421
550 0.455683 0.141960
605 0.500418 0.145326
665 0.529409 0.145107
731 0.562815 0.146212
804 0.600430 0.146141
884 0.642849 0.145035
972 0.672561 0.138094
1069 0.722556 0.137339
1175 0.752028 0.133766
1292 0.786873 0.128402
1421 0.834630 0.120863
1563 0.871279 0.116869
1719 0.902884 0.112037
1890 0.943938 0.104084
2079 0.971944 0.102163
2286 1.007131 0.095536
2514 1.041403 0.089420
2765 1.067449 0.084683
3041 1.093850 0.079239
3345 1.122506 0.075667
3679 1.140441 0.071879
4046 1.166399 0.068355
4450 1.184068 0.065483
4895 1.202282 0.060836
5384 1.221517 0.056997
5922 1.235566 0.054031
6514 1.251772 0.050384
7165 1.262984 0.046925
7881 1.275209 0.043557
8669 1.284271 0.040395
