1 0.000000 0.000000
2 0.037969 0.024876
3 0.067307 0.039274
4 0.088920 0.048931
5 0.113036 0.058788
6 0.144716 0.072434
7 0.165077 0.079912
8 0.188752 0.087474
9 0.205564 0.092515
10 0.230071 0.102353
11 0.251856 0.108718
12 0.279638 0.115411
13 0.296349 0.119325
14 0.316500 0.122769
15 0.329829 0.123747
16 0.341834 0.126137
17 0.364924 0.130463
18 0.385439 0.135529
19 0.402393 0.137043
20 0.415394 0.137140
22 0.446464 0.140525
24 0.483027 0.146249
26 0.514282 0.143240
28 0.530669 0.147736
30 0.560029 0.148754
33 0.600084 0.144548
36 0.636738 0.142409
39 0.667208 0.142596
42 0.705868 0.139711
46 0.739145 0.134455
50 0.773376 0.133913
55 0.809089 0.126510
60 0.843447 0.121301
66 0.892054 0.115100
72 0.912529 0.110794
79 0.955076 0.104281
86 0.983529 0.099449
94 1.015263 0.093562
103 1.047219 0.088744
113 1.077492 0.083433
124 1.102508 0.080836
136 1.129159 0.075179
149 1.153107 0.071328
163 1.169987 0.067987
179 1.193377 0.063416
196 1.212136 0.060985
215 1.230658 0.057009
236 1.245772 0.053982
259 1.260996 0.050689
284 1.271347 0.046398
312 1.287785 0.044849
343 1.298275 0.041696
377 1.306905 0.038076
414 1.316300 0.035236
455 1.325963 0.032664
500 1.332411 0.030131
550 1.337840 0.027429
605 1.346919 0.026009
665 1.351606 0.023708
731 1.356793 0.021492
804 1.363484 0.020081
884 1.367357 0.018228
972 1.368675 0.016467
1069 1.372442 0.015160
1175 1.377589 0.013927
1292 1.380062 0.012771
1421 1.381532 0.011499
1563 1.384308 0.010773
1719 1.387569 0.009733
1890 1.388783 0.008786
2079 1.391738 0.008069
2286 1.393205 0.007333
2514 1.393994 0.006694
2765 1.395223 0.006094
3041 1.397280 0.005593
3345 1.398785 0.005127
3679 1.399367 0.004601
4046 1.400552 0.004194
