1 0.000000 0.000000
2 0.143424 0.078844
3 0.258476 0.115596
4 0.349687 0.134850
5 0.434249 0.143771
6 0.504112 0.148037
7 0.567511 0.149375
8 0.627851 0.143013
9 0.681005 0.143405
10 0.721876 0.138090
11 0.767688 0.132438
12 0.806637 0.125455
13 0.841138 0.122859
14 0.870624 0.117937
15 0.903941 0.115282
16 0.934904 0.109086
17 0.959719 0.103785
18 0.985259 0.101749
19 1.008422 0.096508
20 1.027549 0.093992
22 1.060710 0.089261
24 1.095347 0.081181
26 1.120533 0.078131
28 1.140726 0.074371
30 1.164353 0.072201
33 1.190381 0.068046
36 1.216030 0.065272
39 1.234650 0.062183
42 1.252618 0.058801
46 1.272790 0.056702
50 1.287934 0.052886
