1 0.000000 0.000000
2 0.001865 0.001289
3 0.012990 0.008103
4 0.014833 0.008983
5 0.022589 0.014312
6 0.031997 0.019495
7 0.031896 0.017898
8 0.036029 0.021501
9 0.055597 0.028857
10 0.038986 0.021637
12 0.057123 0.031040
14 0.082741 0.044367
16 0.075754 0.041449
19 0.094286 0.048863
22 0.103069 0.051641
26 0.105344 0.051189
31 0.139684 0.068133
37 0.193963 0.086438
44 0.194439 0.084994
52 0.219344 0.091109
62 0.289983 0.116758
74 0.329964 0.121242
88 0.361443 0.134590
105 0.442266 0.145276
126 0.454125 0.137513
151 0.558959 0.146044
181 0.589158 0.146316
217 0.698962 0.140229
260 0.748050 0.136929
312 0.849918 0.117353
374 0.915280 0.107143
448 0.981616 0.100403
537 1.032716 0.091067
644 1.087577 0.079876
772 1.124655 0.074775
926 1.164187 0.064853
1111 1.209569 0.060291
1333 1.244590 0.053740
1599 1.274514 0.045360
1918 1.290307 0.040646
