1 0.000000 0.000000
2 0.064762 0.040696
3 0.107496 0.060010
4 0.184034 0.089816
5 0.209705 0.098215
6 0.246322 0.102644
7 0.291503 0.118462
8 0.354861 0.131824
9 0.364519 0.131345
10 0.384464 0.138551
11 0.463476 0.148314
12 0.414452 0.140294
13 0.472300 0.141364
14 0.579224 0.141074
15 0.573777 0.145519
16 0.585005 0.146980
17 0.593431 0.145278
18 0.636911 0.143694
19 0.657483 0.146154
20 0.690287 0.137654
22 0.733894 0.141444
24 0.724340 0.139416
26 0.782462 0.129953
28 0.828714 0.127661
30 0.843132 0.123706
33 0.893465 0.112030
36 0.916310 0.113049
39 0.964752 0.101744
42 0.979926 0.100041
46 1.010433 0.096592
50 1.035933 0.094160
55 1.065004 0.087453
60 1.098246 0.082141
66 1.129845 0.077848
72 1.159609 0.072227
79 1.179002 0.069135
86 1.205175 0.064004
94 1.220478 0.062039
103 1.239815 0.058420
113 1.242777 0.055951
124 1.266718 0.051559
136 1.288047 0.049106
