1 0.000000 0.000000
2 0.004845 0.003335
3 0.031461 0.019035
4 0.025245 0.014856
5 0.047014 0.026010
6 0.049007 0.027849
7 0.035155 0.020019
8 0.046310 0.026069
9 0.044487 0.024511
10 0.056468 0.031530
12 0.073193 0.038242
14 0.068371 0.033643
16 0.091817 0.048055
19 0.122822 0.058646
22 0.160671 0.072977
26 0.165325 0.079100
31 0.227201 0.099359
37 0.230355 0.101821
44 0.290219 0.112895
52 0.324721 0.120946
62 0.363379 0.124442
74 0.413276 0.135398
88 0.473161 0.141620
105 0.527063 0.139945
126 0.639342 0.138609
151 0.694707 0.141984
181 0.740059 0.133675
217 0.799380 0.130439
260 0.907616 0.108563
312 0.956258 0.101956
374 1.021666 0.093363
448 1.089105 0.080231
537 1.138563 0.074033
644 1.176585 0.066250
772 1.212724 0.059839
926 1.243401 0.053704
1111 1.270538 0.046324
1333 1.282958 0.040752
