1 0.000000 0.000000
2 0.009824 0.006713
3 0.019871 0.012281
4 0.032341 0.020114
5 0.037686 0.021313
6 0.044299 0.026657
7 0.054270 0.030839
8 0.062126 0.033944
9 0.040528 0.023046
10 0.074300 0.039328
12 0.054988 0.031077
14 0.098774 0.047960
16 0.110486 0.057205
19 0.103682 0.053292
22 0.134002 0.065990
26 0.130830 0.066571
31 0.192732 0.086137
37 0.214569 0.094082
44 0.221881 0.097890
52 0.275244 0.111679
62 0.340849 0.130685
74 0.315925 0.120879
88 0.444190 0.141934
105 0.495192 0.142692
126 0.539626 0.151898
151 0.644021 0.143469
181 0.682518 0.136052
217 0.758794 0.132408
260 0.869164 0.115873
312 0.925429 0.110690
374 0.999132 0.098065
448 1.053019 0.088773
537 1.105347 0.078474
644 1.156023 0.073107
772 1.183180 0.064003
926 1.216080 0.058171
1111 1.249711 0.050553
1333 1.267557 0.045528
1599 1.294447 0.038650
