1 0.000000 0.000000
2 0.026736 0.017817
3 0.061419 0.035499
4 0.074367 0.039897
5 0.092827 0.049066
6 0.120977 0.062147
7 0.123087 0.062516
8 0.157364 0.073383
9 0.166361 0.080188
10 0.195600 0.089156
11 0.202063 0.094703
12 0.215018 0.098220
13 0.238984 0.105902
14 0.241976 0.104828
15 0.255908 0.108624
16 0.257296 0.106842
17 0.305592 0.121187
18 0.292640 0.119972
19 0.306708 0.122038
20 0.318642 0.119080
22 0.391171 0.131175
24 0.425044 0.141969
26 0.412340 0.144088
28 0.454942 0.141978
30 0.444199 0.138740
33 0.480785 0.149480
36 0.534293 0.146210
39 0.583112 0.146440
42 0.599554 0.138413
46 0.632959 0.148777
50 0.658614 0.142946
55 0.682566 0.144640
60 0.761138 0.127827
66 0.800930 0.127862
72 0.817330 0.122352
79 0.873102 0.114838
86 0.881816 0.112320
94 0.917733 0.112658
103 0.963262 0.101228
113 1.004273 0.094755
124 1.010174 0.099076
136 1.051835 0.086962
149 1.063363 0.088578
163 1.111299 0.078835
179 1.136722 0.072895
196 1.160803 0.071851
215 1.167239 0.069561
236 1.183922 0.065436
259 1.217044 0.060670
284 1.239552 0.055819
312 1.250216 0.052497
343 1.258404 0.050822
377 1.271103 0.047255
414 1.285738 0.045417
