1 0.000000 0.000000
2 0.123646 0.070417
3 0.188976 0.095312
4 0.276262 0.118430
5 0.353460 0.136940
6 0.410740 0.141629
7 0.487214 0.151365
8 0.514287 0.142760
9 0.541129 0.151249
10 0.618696 0.146959
11 0.647906 0.143315
12 0.673703 0.141393
13 0.734342 0.141436
14 0.770134 0.133234
15 0.782275 0.126342
16 0.816510 0.126437
17 0.847256 0.124950
18 0.864772 0.116753
19 0.881055 0.121856
20 0.910186 0.111141
22 0.954488 0.107307
24 0.979413 0.100102
26 0.998992 0.097741
28 1.058790 0.087428
30 1.070791 0.084358
33 1.097042 0.081704
36 1.129549 0.077582
39 1.157268 0.073313
42 1.179243 0.069426
46 1.199837 0.065135
50 1.224725 0.063634
55 1.240349 0.059611
60 1.268719 0.055627
66 1.285194 0.052420
