1 0.000000 0.000000
2 0.016623 0.011246
3 0.038404 0.023004
4 0.085785 0.048466
5 0.070611 0.037780
6 0.104063 0.053731
7 0.097724 0.051364
8 0.127771 0.065891
9 0.144860 0.070045
10 0.186064 0.086875
11 0.174883 0.079649
12 0.172662 0.082419
13 0.191972 0.085185
14 0.205137 0.091558
15 0.202665 0.092226
16 0.249461 0.099712
17 0.234789 0.106613
18 0.278437 0.116262
19 0.283058 0.115516
20 0.286910 0.117889
22 0.319932 0.123688
24 0.350498 0.134052
26 0.382838 0.135065
28 0.359639 0.129059
30 0.419454 0.137565
33 0.410768 0.137865
36 0.442288 0.136495
39 0.492719 0.147481
42 0.522250 0.150257
46 0.555635 0.144014
50 0.600863 0.146081
55 0.656423 0.145598
60 0.672033 0.144229
66 0.672659 0.139268
72 0.744563 0.135489
79 0.768392 0.131724
86 0.806392 0.129944
94 0.821316 0.124258
103 0.893447 0.116121
113 0.909193 0.108090
124 0.946063 0.105062
136 0.996712 0.100909
149 1.018593 0.090591
163 1.057756 0.087732
179 1.063945 0.084560
196 1.101971 0.079480
215 1.121482 0.075610
236 1.162676 0.070448
259 1.180860 0.069033
284 1.205709 0.062789
312 1.212193 0.059296
343 1.231114 0.058301
377 1.246716 0.053477
414 1.251349 0.050356
455 1.278063 0.046568
500 1.284054 0.043558
