1 0.000000 0.000000
2 0.000000 0.000000
3 0.000000 0.000000
4 0.000000 0.000000
5 0.000000 0.000000
6 0.000000 0.000000
7 0.000000 0.000000
8 0.000000 0.000000
9 0.002211 0.001206
10 0.000955 0.000477
13 0.000000 0.000000
16 0.000000 0.000000
20 0.000165 0.000033
26 0.000917 0.000624
33 0.005039 0.003010
42 0.003353 0.002047
54 0.001897 0.000639
70 0.002501 0.001400
91 0.011952 0.007232
118 0.002890 0.001495
153 0.010107 0.006105
198 0.010483 0.006124
257 0.011580 0.007554
334 0.009867 0.005111
434 0.010908 0.006231
564 0.020422 0.010970
733 0.044124 0.021140
952 0.036569 0.021220
1237 0.051718 0.027505
1608 0.097979 0.053865
2090 0.098157 0.049496
2717 0.116121 0.056694
3532 0.125724 0.062363
4591 0.223431 0.094728
5968 0.258112 0.104631
7758 0.318412 0.127294
10085 0.385524 0.138019
13110 0.484471 0.136820
17043 0.604196 0.137703
22155 0.644909 0.138846
28801 0.763025 0.124527
30000 0.803153 0.130101
39000 0.912750 0.114807
50700 0.995826 0.096502
65910 1.094644 0.081941
