1 0.000000 0.000000
2 0.119443 0.068525
3 0.247096 0.112521
4 0.309660 0.124697
5 0.389872 0.137998
6 0.455501 0.142815
7 0.547715 0.150991
8 0.606122 0.146661
9 0.631031 0.143732
10 0.702358 0.140845
11 0.724881 0.138581
12 0.772887 0.132441
13 0.814407 0.125954
14 0.864695 0.118593
15 0.876024 0.117108
16 0.890294 0.117318
17 0.918047 0.111604
18 0.963173 0.107385
19 0.977776 0.103525
20 1.001568 0.096281
22 1.037479 0.092136
24 1.067339 0.085225
26 1.094426 0.084053
28 1.129702 0.078333
30 1.134778 0.077076
33 1.169858 0.071139
36 1.195080 0.066638
39 1.215008 0.064528
42 1.229488 0.061363
46 1.255092 0.058891
50 1.272902 0.054971
55 1.285726 0.052987
