1 0.000000 0.000000
2 0.001554 0.001075
3 0.004633 0.002928
4 0.003926 0.002300
5 0.005190 0.002949
6 0.016077 0.009972
7 0.023240 0.013101
8 0.020224 0.010893
9 0.024939 0.015209
10 0.037389 0.020117
12 0.021873 0.011918
14 0.033233 0.019273
16 0.039364 0.020485
19 0.076251 0.042064
22 0.053990 0.029506
26 0.076456 0.041413
31 0.068723 0.039012
37 0.109910 0.052434
44 0.122534 0.060229
52 0.132770 0.066186
62 0.159172 0.075364
74 0.166576 0.078932
88 0.246223 0.109091
105 0.268880 0.109053
126 0.290143 0.117532
151 0.351634 0.126755
181 0.370546 0.134441
217 0.462246 0.142716
260 0.503738 0.143429
312 0.604893 0.151602
374 0.673639 0.147551
448 0.777329 0.129974
537 0.827076 0.128521
644 0.909050 0.108280
772 0.978485 0.096918
926 1.038113 0.094563
1111 1.072407 0.083392
1333 1.117723 0.077493
1599 1.177235 0.066719
1918 1.209800 0.058406
2301 1.230386 0.053858
2761 1.260748 0.046704
3313 1.288472 0.040963
