1 0.000000 0.000000
2 0.000549 0.000380
3 0.003438 0.002177
4 0.003287 0.002045
5 0.003939 0.002199
6 0.000685 0.000402
7 0.006849 0.004559
8 0.003731 0.001572
9 0.006714 0.003585
10 0.012500 0.006814
13 0.010800 0.005993
16 0.008668 0.005342
20 0.006887 0.003368
26 0.018996 0.011212
33 0.022538 0.012884
42 0.036897 0.019849
54 0.057404 0.029698
70 0.064442 0.033353
91 0.065748 0.034398
118 0.084307 0.044153
153 0.106229 0.052371
198 0.152416 0.072708
257 0.190618 0.090721
334 0.260396 0.106693
434 0.319766 0.121988
564 0.373260 0.132828
733 0.458613 0.146274
952 0.572210 0.145336
1237 0.625691 0.146297
1608 0.750700 0.133380
2090 0.875023 0.116939
2717 0.968495 0.100502
3532 1.056025 0.089594
4591 1.124662 0.072904
5968 1.182706 0.064912
7758 1.233296 0.055478
10085 1.267725 0.045032
