1 0.000000 0.000000
2 0.179476 0.092192
3 0.311198 0.126346
4 0.373318 0.138659
5 0.468860 0.147714
6 0.564416 0.151188
7 0.662089 0.140436
8 0.708271 0.139408
9 0.738665 0.134925
10 0.787791 0.134994
11 0.827668 0.127117
12 0.879492 0.119176
13 0.904066 0.115573
14 0.950354 0.103513
15 0.972455 0.102020
16 1.012832 0.093880
17 1.023136 0.094775
18 1.041675 0.089737
19 1.068251 0.084813
20 1.093580 0.081046
22 1.126502 0.076646
24 1.149929 0.073817
26 1.173670 0.070016
28 1.190976 0.069021
30 1.219783 0.065457
33 1.239599 0.061505
36 1.259368 0.057875
39 1.282513 0.054741
