1 0.000000 0.000000
2 0.004156 0.002864
3 0.005685 0.003586
4 0.009969 0.006088
5 0.022179 0.012873
6 0.007240 0.004275
7 0.010048 0.005524
8 0.011652 0.007246
9 0.028425 0.016773
10 0.019307 0.010809
12 0.028742 0.017089
14 0.016967 0.009935
16 0.050391 0.028397
19 0.045823 0.024510
22 0.042499 0.023769
26 0.062047 0.031345
31 0.072463 0.037933
37 0.094434 0.049343
44 0.085423 0.043141
52 0.139144 0.067057
62 0.141356 0.069325
74 0.177535 0.082670
88 0.192447 0.087958
105 0.236828 0.108834
126 0.251337 0.104587
151 0.328858 0.122736
181 0.367553 0.126245
217 0.427947 0.136572
260 0.510674 0.149150
312 0.566981 0.147167
374 0.631494 0.147317
448 0.683989 0.143034
537 0.775786 0.125209
644 0.848209 0.115482
772 0.909149 0.107807
926 0.979271 0.096944
1111 1.036742 0.090482
1333 1.101430 0.080624
1599 1.143195 0.073829
1918 1.186333 0.065851
2301 1.223477 0.057517
2761 1.240776 0.052123
3313 1.271377 0.045399
3975 1.285801 0.039299
