1 0.000000 0.000000
2 0.030440 0.020173
3 0.009650 0.006056
4 0.022656 0.013054
5 0.034854 0.021527
6 0.052806 0.030168
7 0.049008 0.026201
8 0.076211 0.042956
9 0.085791 0.045937
10 0.080062 0.042811
11 0.087421 0.047289
12 0.110081 0.054981
13 0.119954 0.060646
14 0.110141 0.053763
15 0.104415 0.052742
16 0.098419 0.050276
17 0.154738 0.075741
18 0.155758 0.074657
19 0.119314 0.060222
20 0.143886 0.068430
22 0.170886 0.077078
24 0.182613 0.084559
26 0.182194 0.086443
28 0.235212 0.100886
30 0.241475 0.103133
33 0.237857 0.101679
36 0.242571 0.103332
39 0.279158 0.115405
42 0.312521 0.120221
46 0.322652 0.123475
50 0.355940 0.129313
55 0.350053 0.127713
60 0.380752 0.134966
66 0.430650 0.139281
72 0.479804 0.145241
79 0.503641 0.144758
86 0.501080 0.145351
94 0.551099 0.150756
103 0.594788 0.143197
113 0.614474 0.141659
124 0.677756 0.139326
136 0.721871 0.131785
149 0.756658 0.129306
163 0.776224 0.129155
179 0.802375 0.130960
196 0.877072 0.112300
215 0.903091 0.109911
236 0.927946 0.104042
259 0.976518 0.099053
284 0.988659 0.096231
312 1.015294 0.097949
343 1.053412 0.086461
377 1.074097 0.083592
414 1.110559 0.081303
455 1.128358 0.074256
500 1.154883 0.068617
550 1.176816 0.066891
605 1.194760 0.063918
665 1.216242 0.058886
731 1.240687 0.054732
804 1.252983 0.051950
884 1.256957 0.049247
972 1.278876 0.045694
1069 1.282292 0.041458
