1 0.000000 0.000000
2 0.096310 0.057481
3 0.183410 0.090992
4 0.249814 0.108195
5 0.302263 0.125962
6 0.387077 0.137220
7 0.414631 0.142026
8 0.472433 0.140287
9 0.539617 0.148155
10 0.550784 0.151009
11 0.557541 0.149092
12 0.596651 0.141665
13 0.647870 0.148484
14 0.688154 0.142168
15 0.715954 0.137812
16 0.737298 0.139316
17 0.761017 0.132783
18 0.798697 0.131470
19 0.787549 0.129227
20 0.828085 0.125401
22 0.879235 0.118225
24 0.923557 0.112117
26 0.973221 0.102826
28 0.991696 0.096934
30 1.018771 0.092049
33 1.049694 0.091648
36 1.068056 0.086009
39 1.105073 0.079808
42 1.123862 0.077173
46 1.158663 0.072679
50 1.168400 0.071624
55 1.197919 0.067077
60 1.221935 0.062331
66 1.238486 0.059883
72 1.258789 0.056028
79 1.269958 0.053000
86 1.290122 0.050311
