1 0.000000 0.000000
2 0.002995 0.002067
3 0.000000 0.000000
4 0.000000 0.000000
5 0.000000 0.000000
6 0.000000 0.000000
7 0.000000 0.000000
8 0.000901 0.000439
9 0.000533 0.000366
10 0.000000 0.000000
13 0.001335 0.000571
16 0.001169 0.000272
20 0.000410 0.000282
26 0.005105 0.002501
33 0.005480 0.003191
42 0.002174 0.001095
54 0.016505 0.009126
70 0.013603 0.007928
91 0.014379 0.008792
118 0.016823 0.010325
153 0.009532 0.005267
198 0.020553 0.011597
257 0.033459 0.018543
334 0.066940 0.035101
434 0.060589 0.032853
564 0.068864 0.036711
733 0.077755 0.039198
952 0.106317 0.050185
1237 0.164436 0.077460
1608 0.200121 0.089825
2090 0.215575 0.096237
2717 0.280952 0.117112
3532 0.332991 0.125960
4591 0.403599 0.134865
5968 0.528524 0.146146
7758 0.639431 0.133840
10085 0.739357 0.130912
13110 0.843137 0.116292
17043 0.939517 0.106938
22155 1.031224 0.090709
28801 1.119306 0.075094
