1 0.000000 0.000000
2 0.019851 0.013365
3 0.043717 0.025945
4 0.041638 0.023809
5 0.067975 0.037574
6 0.095462 0.050027
7 0.083267 0.045616
8 0.095868 0.049168
9 0.111333 0.057274
10 0.141275 0.069132
11 0.136008 0.070208
12 0.168557 0.078855
13 0.179535 0.083729
14 0.188593 0.083221
15 0.191364 0.087143
16 0.235840 0.097001
17 0.209367 0.095549
18 0.230173 0.099643
19 0.216642 0.091699
20 0.272664 0.112146
22 0.260765 0.108867
24 0.273317 0.111409
26 0.303247 0.120456
28 0.368262 0.141612
30 0.335474 0.127149
33 0.405612 0.133716
36 0.429596 0.135000
39 0.430343 0.138826
42 0.442527 0.145340
46 0.485519 0.148235
50 0.501508 0.146579
55 0.550679 0.153568
60 0.601248 0.142145
66 0.621709 0.145210
72 0.674880 0.140103
79 0.717051 0.138200
86 0.756613 0.134948
94 0.779924 0.134799
103 0.799626 0.130188
113 0.865880 0.111665
124 0.870118 0.116772
136 0.932707 0.109183
149 0.948982 0.101450
163 0.991630 0.099305
179 1.042915 0.088326
196 1.061713 0.085913
215 1.078145 0.083224
236 1.109603 0.077024
259 1.138531 0.075348
284 1.151818 0.070962
312 1.179364 0.067136
343 1.187770 0.063303
377 1.211778 0.061257
414 1.230813 0.057229
455 1.247549 0.052490
500 1.260865 0.049394
550 1.269875 0.046285
605 1.284492 0.042723
