1 0.000000 0.000000
2 0.033279 0.021960
3 0.055539 0.033416
4 0.086492 0.048308
5 0.107846 0.054177
6 0.146558 0.070225
7 0.150261 0.073222
8 0.175793 0.080292
9 0.214812 0.094598
10 0.240300 0.104488
11 0.227105 0.097129
12 0.283957 0.111888
13 0.314648 0.127861
14 0.302470 0.118511
15 0.342503 0.130583
16 0.340544 0.130440
17 0.344044 0.125344
18 0.365767 0.129623
19 0.399400 0.133010
20 0.405771 0.136487
22 0.445127 0.144244
24 0.466318 0.141893
26 0.569509 0.143938
28 0.514498 0.147711
30 0.548202 0.151432
33 0.595898 0.142549
36 0.612853 0.144224
39 0.662714 0.140061
42 0.699782 0.143265
46 0.733733 0.134093
50 0.768988 0.133854
55 0.799824 0.121231
60 0.835329 0.124581
66 0.857066 0.127372
72 0.929848 0.105636
79 0.945392 0.102979
86 0.978763 0.098896
94 1.006774 0.091684
103 1.030555 0.090927
113 1.048415 0.089223
124 1.105996 0.079358
136 1.129388 0.075554
149 1.150736 0.072535
163 1.171761 0.069265
179 1.187646 0.066857
196 1.196364 0.064464
215 1.222839 0.058512
236 1.235806 0.055285
259 1.246190 0.053200
284 1.272525 0.049670
312 1.288854 0.045431
