10 0.000000 0.000000
13 0.000000 0.000000
16 0.000607 0.000377
20 0.000000 0.000000
26 0.000000 0.000000
33 0.000000 0.000000
42 0.000000 0.000000
54 0.002651 0.001650
70 0.000000 0.000000
91 0.000783 0.000512
118 0.000755 0.000453
153 0.000225 0.000152
198 0.001143 0.000704
257 0.000000 0.000000
334 0.000105 0.000033
434 0.001662 0.001085
564 0.000631 0.000307
733 0.001478 0.000585
952 0.004406 0.001912
1237 0.002688 0.001128
1608 0.004997 0.002937
2090 0.009219 0.005447
2717 0.011095 0.006197
3532 0.017213 0.009143
4591 0.037872 0.021935
5968 0.026041 0.014856
7758 0.035350 0.019288
10085 0.047678 0.026702
13110 0.058090 0.030101
17043 0.084290 0.042580
22155 0.088066 0.045379
28801 0.144595 0.070274
37441 0.166963 0.080288
48673 0.209340 0.093011
63274 0.262814 0.106862
82256 0.358680 0.129674
106932 0.412338 0.133407
139011 0.508912 0.147765
180714 0.605191 0.147094
234928 0.713592 0.134729
300000 0.805269 0.126897
