1 0.000000 0.000000
2 0.074494 0.046086
3 0.141040 0.073835
4 0.219935 0.100954
5 0.248484 0.111431
6 0.269781 0.112532
7 0.327156 0.132200
8 0.353389 0.134725
9 0.451279 0.138733
10 0.425038 0.136600
11 0.456835 0.145088
12 0.512690 0.138616
13 0.530691 0.157054
14 0.554188 0.149269
15 0.613338 0.152356
16 0.651392 0.143240
17 0.685042 0.142802
18 0.675436 0.143759
19 0.720132 0.135952
20 0.739038 0.141724
22 0.753808 0.133276
24 0.797707 0.133295
26 0.818623 0.127473
28 0.889520 0.113575
30 0.895526 0.114229
33 0.936043 0.108332
36 0.953833 0.108002
39 1.005201 0.092874
42 1.033764 0.090982
46 1.053366 0.087608
50 1.093419 0.083308
55 1.111411 0.082216
60 1.129249 0.076124
66 1.175995 0.069889
72 1.184726 0.068311
79 1.197805 0.064767
86 1.231954 0.060758
94 1.244616 0.058557
103 1.258360 0.055219
113 1.275829 0.049910
124 1.286471 0.047240
