1 0.000000 0.000000
2 0.000139 0.000096
3 0.002407 0.001526
4 0.003116 0.001743
5 0.006435 0.004026
6 0.013160 0.007910
7 0.007555 0.004800
8 0.020818 0.011860
9 0.012994 0.007773
10 0.017696 0.009653
13 0.016981 0.009857
16 0.026540 0.014584
20 0.031955 0.016939
26 0.035930 0.019549
33 0.054486 0.028307
42 0.065294 0.032899
54 0.100207 0.050676
70 0.133613 0.066504
91 0.163005 0.077816
118 0.216832 0.097261
153 0.211970 0.093985
198 0.270748 0.111643
257 0.356470 0.126687
334 0.449904 0.141277
434 0.543387 0.143714
564 0.655989 0.139492
733 0.741194 0.131923
952 0.830650 0.122313
1237 0.935357 0.105871
1608 1.030824 0.094291
2090 1.098729 0.077538
2717 1.178711 0.066783
3532 1.218140 0.056952
4591 1.264690 0.048721
