1 0.000000 0.000000
2 0.008720 0.005968
3 0.011268 0.007045
4 0.020873 0.012749
5 0.024779 0.013150
6 0.031611 0.017367
7 0.030836 0.017787
8 0.034213 0.018268
9 0.049385 0.028144
10 0.040762 0.023079
12 0.059259 0.031842
14 0.071940 0.037621
16 0.080448 0.040891
19 0.087224 0.043450
22 0.132850 0.064564
26 0.117558 0.059499
31 0.156928 0.073157
37 0.191848 0.090617
44 0.206675 0.087845
52 0.230861 0.099105
62 0.274879 0.113325
74 0.350068 0.125633
88 0.394703 0.134951
105 0.464463 0.140706
126 0.507427 0.144238
151 0.576774 0.146001
181 0.677724 0.146771
217 0.704286 0.145889
260 0.796603 0.129744
312 0.874597 0.115812
374 0.968474 0.100842
448 1.002273 0.096784
537 1.057130 0.087796
644 1.108812 0.077442
772 1.169147 0.068333
926 1.193120 0.063717
1111 1.225667 0.055802
1333 1.260528 0.048112
1599 1.288481 0.041738
