1 0.000000 0.000000
2 0.014504 0.009843
3 0.028343 0.017631
4 0.033345 0.019887
5 0.081492 0.044615
6 0.079016 0.040938
7 0.108979 0.054511
8 0.072985 0.042206
9 0.097522 0.046862
10 0.082030 0.042017
11 0.109221 0.057444
12 0.129671 0.064781
13 0.166496 0.078701
14 0.162585 0.077834
15 0.181097 0.080659
16 0.167506 0.079463
17 0.203638 0.092573
18 0.203645 0.091114
19 0.219697 0.098027
20 0.222392 0.095143
22 0.242225 0.108058
24 0.238199 0.101118
26 0.287356 0.114796
28 0.298519 0.112050
30 0.337393 0.128321
33 0.340052 0.129763
36 0.381803 0.135272
39 0.392873 0.133390
42 0.405560 0.136233
46 0.427770 0.138266
50 0.462317 0.139895
55 0.506301 0.140506
60 0.564610 0.144961
66 0.556866 0.151914
72 0.587577 0.148644
79 0.646256 0.142478
86 0.703897 0.142559
94 0.704124 0.140103
103 0.756994 0.134531
113 0.805822 0.126231
124 0.820181 0.127337
136 0.848521 0.114284
149 0.876429 0.121157
163 0.942202 0.110036
179 0.995397 0.096420
196 0.988420 0.095481
215 1.043461 0.089305
236 1.060610 0.083841
259 1.092370 0.082847
284 1.122349 0.077029
312 1.142894 0.071635
343 1.164573 0.069061
377 1.189778 0.066160
414 1.214338 0.060706
455 1.232885 0.057306
500 1.239663 0.054712
550 1.251215 0.049668
605 1.265801 0.047084
665 1.273888 0.044350
731 1.289105 0.040320
