1 0.000000 0.000000
2 0.003639 0.002509
3 0.000255 0.000162
4 0.000983 0.000552
5 0.004774 0.002519
6 0.011274 0.006647
7 0.001201 0.000551
8 0.011672 0.006213
9 0.019620 0.011643
10 0.009582 0.005436
13 0.016351 0.009162
16 0.021990 0.012477
20 0.031675 0.018894
26 0.019572 0.011029
33 0.037450 0.021367
42 0.040659 0.021706
54 0.069803 0.035704
70 0.087637 0.046675
91 0.099658 0.052215
118 0.158636 0.076463
153 0.179548 0.083212
198 0.233123 0.103268
257 0.280988 0.112627
334 0.330616 0.118082
434 0.444155 0.137225
564 0.505162 0.146648
733 0.576987 0.139430
952 0.698637 0.132279
1237 0.804158 0.128371
1608 0.921727 0.113244
2090 1.018234 0.091873
2717 1.107661 0.079170
3532 1.159404 0.070957
4591 1.225369 0.058567
5968 1.251909 0.050463
