1 0.000000 0.000000
2 0.005094 0.003505
3 0.000127 0.000081
4 0.012835 0.007989
5 0.016325 0.008720
6 0.011834 0.007041
7 0.032815 0.018788
8 0.034977 0.019794
9 0.029596 0.017147
10 0.023221 0.013101
12 0.045749 0.025412
14 0.057177 0.030239
16 0.038078 0.020450
19 0.060065 0.031784
22 0.057956 0.032423
26 0.088607 0.047948
31 0.094456 0.047868
37 0.120023 0.058946
44 0.133527 0.065794
52 0.125009 0.059580
62 0.171864 0.079821
74 0.205706 0.086677
88 0.264144 0.108306
105 0.272299 0.109988
126 0.374397 0.133306
151 0.401870 0.137912
181 0.477924 0.147421
217 0.528755 0.142875
260 0.599380 0.143422
312 0.661313 0.142987
374 0.742265 0.130522
448 0.795357 0.131431
537 0.902835 0.108575
644 0.953273 0.101811
772 1.017941 0.092127
926 1.057529 0.086670
1111 1.122544 0.075663
1333 1.161124 0.069815
1599 1.194428 0.060329
1918 1.238317 0.054194
2301 1.261672 0.046856
2761 1.287722 0.041436
