1 0.000000 0.000000
2 0.009266 0.006337
3 0.024913 0.015967
4 0.031598 0.018734
5 0.058862 0.032780
6 0.066652 0.037362
7 0.067259 0.037438
8 0.081634 0.043063
9 0.092642 0.049558
10 0.083118 0.043108
11 0.112543 0.056438
12 0.139447 0.069511
13 0.122654 0.061941
14 0.121035 0.063571
15 0.144393 0.071916
16 0.127361 0.059960
17 0.166864 0.076443
18 0.201721 0.090072
19 0.154632 0.072873
20 0.210352 0.091685
22 0.195927 0.086497
24 0.190913 0.088310
26 0.234698 0.101392
28 0.273065 0.114108
30 0.269868 0.108970
33 0.318863 0.119312
36 0.328087 0.122699
39 0.349487 0.125353
42 0.335707 0.124722
46 0.414250 0.134188
50 0.407251 0.132955
55 0.433277 0.140041
60 0.451846 0.144407
66 0.487478 0.141635
72 0.492609 0.146348
79 0.542573 0.152251
86 0.590930 0.149271
94 0.597454 0.140642
103 0.651748 0.141145
113 0.668962 0.139561
124 0.734265 0.135211
136 0.768520 0.132891
149 0.804903 0.124272
163 0.844168 0.122574
179 0.897389 0.110244
196 0.909073 0.110204
215 0.960975 0.104377
236 0.967906 0.102322
259 1.041602 0.089516
284 1.059733 0.086942
312 1.077576 0.083752
343 1.099984 0.082905
377 1.141275 0.072817
414 1.158377 0.068570
455 1.181191 0.065938
500 1.188490 0.063942
550 1.215391 0.060325
605 1.226587 0.057105
665 1.246849 0.051649
731 1.264748 0.049264
804 1.271060 0.045441
884 1.286296 0.042019
