1 0.000000 0.000000
2 0.053067 0.033967
3 0.070455 0.042221
4 0.134084 0.068469
5 0.143176 0.070589
6 0.195062 0.091190
7 0.201492 0.093277
8 0.276345 0.111345
9 0.250913 0.107279
10 0.276455 0.115050
11 0.326890 0.123508
12 0.337188 0.129944
13 0.358451 0.128309
14 0.421001 0.136888
15 0.419286 0.139570
16 0.472934 0.144244
17 0.448869 0.139042
18 0.468899 0.142196
19 0.478058 0.141349
20 0.487396 0.143745
22 0.577389 0.145136
24 0.606331 0.151227
26 0.579412 0.150066
28 0.650033 0.145481
30 0.712126 0.139697
33 0.708204 0.137671
36 0.776756 0.130075
39 0.773969 0.134670
42 0.830029 0.125325
46 0.855038 0.114811
50 0.859918 0.118031
55 0.904706 0.112978
60 0.953358 0.100995
66 0.991488 0.099191
72 1.002116 0.097996
79 1.041457 0.090469
86 1.085916 0.083691
94 1.108897 0.081370
103 1.130541 0.075001
113 1.156701 0.071347
124 1.189669 0.066221
136 1.199484 0.064624
149 1.216023 0.060388
163 1.239396 0.058033
179 1.260473 0.054194
196 1.262692 0.050540
215 1.278519 0.046606
236 1.287746 0.043278
