1 0.000000 0.000000
2 0.000000 0.000000
3 0.000000 0.000000
4 0.001748 0.000980
5 0.002202 0.001208
6 0.000090 0.000041
7 0.002787 0.001614
8 0.003499 0.001764
9 0.008716 0.005036
10 0.007705 0.004765
13 0.011392 0.007392
16 0.005912 0.003304
20 0.005441 0.003442
26 0.015678 0.008723
33 0.010583 0.005595
42 0.018422 0.010163
54 0.028926 0.017926
70 0.032609 0.018847
91 0.054701 0.030133
118 0.046745 0.025005
153 0.078693 0.039507
198 0.072673 0.038719
257 0.112136 0.053539
334 0.150262 0.071094
434 0.214756 0.094322
564 0.258599 0.107984
733 0.311686 0.122832
952 0.387245 0.132305
1237 0.508843 0.141496
1608 0.592543 0.140626
2090 0.654841 0.139310
2717 0.780445 0.136192
3532 0.853045 0.119869
4591 0.996134 0.097637
5968 1.060691 0.087089
7758 1.132001 0.073727
