1 0.000000 0.000000
2 0.000000 0.000000
3 0.000000 0.000000
4 0.000000 0.000000
5 0.000000 0.000000
6 0.000000 0.000000
7 0.000000 0.000000
8 0.001203 0.000794
9 0.000000 0.000000
10 0.000000 0.000000
13 0.000981 0.000605
16 0.000189 0.000125
20 0.000000 0.000000
26 0.000000 0.000000
33 0.003827 0.002321
42 0.000576 0.000398
54 0.000813 0.000450
70 0.004143 0.002842
91 0.000000 0.000000
118 0.002132 0.001182
153 0.000734 0.000396
198 0.005923 0.003441
257 0.001541 0.000545
334 0.007892 0.004630
434 0.010971 0.005651
564 0.017419 0.009307
733 0.015175 0.008752
952 0.020687 0.012146
1237 0.042439 0.023982
1608 0.026772 0.016122
2090 0.055695 0.030753
2717 0.061030 0.034150
3532 0.100627 0.050452
4591 0.142564 0.068306
5968 0.127229 0.061873
7758 0.168146 0.082332
10085 0.224663 0.099763
13110 0.254087 0.107708
10 0.000000 0.000000
13 0.000000 0.000000
16 0.001212 0.000680
20 0.000259 0.000168
26 0.001764 0.000950
33 0.000796 0.000293
42 0.000000 0.000000
54 0.000808 0.000117
70 0.000658 0.000085
91 0.003431 0.001472
118 0.001633 0.001083
153 0.000122 0.000037
198 0.005843 0.003496
257 0.007816 0.004729
334 0.013965 0.007823
434 0.008242 0.004600
564 0.009182 0.005089
733 0.021020 0.011978
952 0.020478 0.011779
1237 0.024269 0.013684
1608 0.027451 0.014880
2090 0.035513 0.020221
2717 0.064169 0.032352
3532 0.094179 0.048872
4591 0.128277 0.059698
5968 0.128040 0.060599
7758 0.171990 0.079051
10085 0.221632 0.098480
13110 0.260228 0.107457
17043 0.357363 0.132375
22155 0.435006 0.141640
28801 0.494539 0.152508
37441 0.617535 0.137645
48673 0.765454 0.133558
63274 0.835992 0.123473
82256 0.929973 0.107745
106932 1.033143 0.091856
139011 1.103173 0.078231
