1 0.000000 0.000000
2 0.026221 0.017487
3 0.014634 0.009101
4 0.050905 0.028963
5 0.055002 0.030266
6 0.075428 0.039186
7 0.063021 0.034095
8 0.073515 0.039873
9 0.107335 0.055229
10 0.116627 0.059945
11 0.118392 0.063317
12 0.121941 0.060483
13 0.126479 0.063343
14 0.147568 0.072237
15 0.158538 0.070394
16 0.158911 0.075893
17 0.148602 0.074343
18 0.193683 0.089587
19 0.208002 0.094600
20 0.194866 0.090287
22 0.227688 0.099006
24 0.232708 0.101848
26 0.261846 0.112013
28 0.250859 0.106517
30 0.309184 0.120084
33 0.282192 0.112356
36 0.314143 0.119103
39 0.336656 0.124964
42 0.390310 0.130929
46 0.429041 0.138537
50 0.439879 0.143779
55 0.454825 0.141781
60 0.499375 0.139427
66 0.521104 0.144461
72 0.539010 0.144457
79 0.605452 0.140139
86 0.642629 0.148444
94 0.664261 0.139387
103 0.735973 0.134270
113 0.765557 0.125039
124 0.789361 0.126603
136 0.815774 0.125828
149 0.861169 0.119372
163 0.864860 0.118260
179 0.937593 0.102325
196 0.973022 0.095738
215 0.978033 0.098599
236 1.024382 0.089062
259 1.059946 0.087517
284 1.097163 0.080904
312 1.106983 0.076416
343 1.137602 0.073221
377 1.164539 0.068271
414 1.176372 0.066194
455 1.202640 0.062785
500 1.210707 0.059797
550 1.230214 0.054286
605 1.253319 0.051543
665 1.261754 0.048222
731 1.276852 0.045814
804 1.281934 0.041653
