1 0.000000 0.000000
2 0.000000 0.000000
3 0.002252 0.001428
4 0.004367 0.002993
5 0.001617 0.000807
6 0.000127 0.000081
7 0.006154 0.003405
8 0.007471 0.004408
9 0.006860 0.003649
10 0.003313 0.001512
13 0.012893 0.007834
16 0.014561 0.008007
20 0.018806 0.009288
26 0.048704 0.027466
33 0.029981 0.016407
42 0.045947 0.022779
54 0.056678 0.030394
70 0.050257 0.026966
91 0.084109 0.045287
118 0.132988 0.065243
153 0.132640 0.063446
198 0.186622 0.085441
257 0.248031 0.103913
334 0.312868 0.119883
434 0.317264 0.127125
564 0.419713 0.138040
733 0.554033 0.147896
952 0.650484 0.143047
1237 0.727995 0.132798
1608 0.849638 0.117099
2090 0.944841 0.103820
2717 1.036997 0.089435
3532 1.119367 0.077368
4591 1.173598 0.067619
5968 1.223360 0.056939
7758 1.253817 0.048403
