1 0.000000 0.000000
2 0.000000 0.000000
3 0.000000 0.000000
4 0.000000 0.000000
5 0.000000 0.000000
6 0.000000 0.000000
7 0.000137 0.000093
8 0.000000 0.000000
9 0.000311 0.000165
10 0.000000 0.000000
13 0.000363 0.000224
16 0.000112 0.000063
20 0.000433 0.000153
26 0.001549 0.001030
33 0.002606 0.001225
42 0.006709 0.004374
54 0.004252 0.002559
70 0.020823 0.012325
91 0.011794 0.007565
118 0.012809 0.007759
153 0.014896 0.007772
198 0.022290 0.011695
257 0.020440 0.012141
334 0.032757 0.018732
434 0.045515 0.024656
564 0.055818 0.029679
733 0.055297 0.029256
952 0.091931 0.045546
1237 0.128600 0.062893
1608 0.126359 0.060205
2090 0.195170 0.086270
2717 0.252073 0.104630
3532 0.313142 0.123422
4591 0.330955 0.129527
5968 0.470717 0.146467
7758 0.561691 0.138200
10085 0.666374 0.145987
13110 0.779477 0.128130
17043 0.864653 0.117343
22155 0.952355 0.104423
28801 1.053764 0.087271
