1 0.000000 0.000000
2 0.000000 0.000000
3 0.002411 0.001529
4 0.000000 0.000000
5 0.000000 0.000000
6 0.000139 0.000096
7 0.000000 0.000000
8 0.001176 0.000554
9 0.000138 0.000048
10 0.003156 0.001675
13 0.000000 0.000000
16 0.008530 0.005680
20 0.005395 0.002982
26 0.006261 0.003768
33 0.002771 0.001474
42 0.009818 0.005762
54 0.015234 0.008315
70 0.022704 0.013926
91 0.026556 0.013880
118 0.022020 0.013188
153 0.034296 0.018483
198 0.043868 0.022847
257 0.077238 0.040958
334 0.067659 0.037735
434 0.101918 0.053287
564 0.136577 0.066522
733 0.165186 0.083000
952 0.210244 0.090753
1237 0.273925 0.109364
1608 0.315310 0.125033
2090 0.442044 0.142705
2717 0.500666 0.143166
3532 0.586323 0.148566
4591 0.703204 0.135986
5968 0.804240 0.122328
7758 0.926285 0.104731
10085 1.009768 0.094754
13110 1.085345 0.082238
17043 1.145864 0.070263
