1 0.000000 0.000000
2 0.112020 0.065098
3 0.158838 0.082139
4 0.203300 0.097984
5 0.266715 0.113493
6 0.321051 0.127259
7 0.383770 0.134684
8 0.421404 0.142903
9 0.473730 0.147828
10 0.481400 0.146408
11 0.523983 0.144595
12 0.588890 0.144379
13 0.594282 0.144678
14 0.636684 0.150305
15 0.660118 0.141128
16 0.670864 0.143540
17 0.730194 0.131571
18 0.731597 0.135784
19 0.754566 0.127895
20 0.774633 0.133770
22 0.832777 0.120432
24 0.851801 0.125882
26 0.908529 0.111707
28 0.938759 0.109759
30 0.944556 0.109110
33 0.987422 0.098595
36 1.005250 0.094997
39 1.048578 0.089845
42 1.073658 0.084367
46 1.105558 0.080625
50 1.121966 0.078370
55 1.146931 0.073876
60 1.176314 0.068360
66 1.201893 0.065620
72 1.218957 0.061710
79 1.228651 0.059093
86 1.258994 0.055292
94 1.269574 0.053458
103 1.285918 0.050888
