1 0.000000 0.000000
2 0.004076 0.002809
3 0.011208 0.007008
4 0.008878 0.005123
5 0.021334 0.012371
6 0.030134 0.018235
7 0.029458 0.017555
8 0.025251 0.015463
9 0.040481 0.023070
10 0.042090 0.023212
12 0.050851 0.027248
14 0.050713 0.028114
16 0.057250 0.029747
19 0.066640 0.035898
22 0.094885 0.051123
26 0.093415 0.047844
31 0.118888 0.058919
37 0.140317 0.071003
44 0.158743 0.071625
52 0.169729 0.078387
62 0.200240 0.089501
74 0.250835 0.102740
88 0.273377 0.109092
105 0.319407 0.121749
126 0.407297 0.133764
151 0.455708 0.149332
181 0.503599 0.141953
217 0.606418 0.143337
260 0.668806 0.139570
312 0.710209 0.135161
374 0.796008 0.135318
448 0.852181 0.120137
537 0.954254 0.103988
644 1.025821 0.093770
772 1.080145 0.082778
926 1.128852 0.074589
1111 1.170111 0.066655
1333 1.200433 0.060920
1599 1.235626 0.052486
1918 1.263227 0.047583
2301 1.280461 0.042304
