1 0.000000 0.000000
2 0.000000 0.000000
3 0.000000 0.000000
4 0.002155 0.001489
5 0.000000 0.000000
6 0.000000 0.000000
7 0.001759 0.001198
8 0.001206 0.000634
9 0.004565 0.002885
10 0.000000 0.000000
13 0.002676 0.001806
16 0.000000 0.000000
20 0.006888 0.003989
26 0.006046 0.003737
33 0.001550 0.000853
42 0.006274 0.003231
54 0.007999 0.003896
70 0.006873 0.003860
91 0.028946 0.015816
118 0.019578 0.011025
153 0.037533 0.020522
198 0.049141 0.028349
257 0.048813 0.027786
334 0.050503 0.025220
434 0.069188 0.038448
564 0.093089 0.050096
733 0.112417 0.055186
952 0.136286 0.066975
1237 0.175979 0.085029
1608 0.235515 0.100196
2090 0.287485 0.112923
2717 0.367857 0.134666
3532 0.464606 0.136999
4591 0.551133 0.141353
5968 0.668840 0.140051
7758 0.773442 0.129006
10085 0.851628 0.118912
13110 0.960400 0.101836
17043 1.031814 0.090296
22155 1.118633 0.077234
