0 -nan -nan
0 -nan -nan
0 -nan -nan
1 0.000000 0.000000
2 0.116557 0.067205
3 0.183489 0.092897
4 0.313028 0.130748
5 0.338903 0.129138
6 0.421148 0.142200
7 0.466042 0.146375
8 0.531188 0.147943
9 0.544501 0.146516
10 0.607781 0.144801
11 0.674550 0.139070
13 0.734702 0.132121
14 0.759925 0.139334
15 0.798453 0.132177
16 0.834142 0.125037
17 0.846801 0.124945
18 0.866438 0.122170
20 0.932618 0.111487
21 0.937262 0.109502
23 0.971111 0.106364
24 0.996279 0.098438
26 1.013565 0.094432
28 1.040805 0.092062
30 1.071176 0.084740
32 1.093417 0.085231
34 1.109935 0.078876
37 1.141538 0.075333
39 1.150288 0.075046
42 1.169176 0.071726
45 1.196477 0.066957
49 1.210386 0.063687
52 1.228409 0.061581
57 1.257822 0.057454
61 1.263681 0.055826
67 1.280517 0.052606
73 1.296288 0.050299
80 1.309263 0.047380
88 1.325411 0.043432
97 1.340706 0.039471
109 1.353101 0.036982
123 1.365985 0.033876
141 1.377454 0.030026
165 1.386782 0.026694
200 1.405173 0.022268
253 1.410733 0.017897
352 1.426633 0.013113
611 1.442183 0.007908
2024 1.456236 0.002404
