1 0.000000 0.000000
4 0.586313 0.143198
7 0.873294 0.114724
10 1.034616 0.094046
13 1.141189 0.075907
16 1.224444 0.064232
19 1.266338 0.059124
22 1.309790 0.054568
25 1.333247 0.050037
28 1.357361 0.046887
31 1.373983 0.044116
34 1.393114 0.041638
37 1.407966 0.038705
40 1.417354 0.036462
43 1.426255 0.034815
46 1.434658 0.032732
49 1.442122 0.031401
52 1.449472 0.029967
55 1.454441 0.028498
58 1.458109 0.027237
61 1.462454 0.025908
64 1.467355 0.025156
67 1.470399 0.023884
70 1.475939 0.023066
73 1.480674 0.022302
76 1.480505 0.020949
79 1.481085 0.020806
82 1.485830 0.020038
85 1.490065 0.019674
88 1.491634 0.019238
91 1.494256 0.018526
94 1.495731 0.017957
97 1.494784 0.017245
100 1.497630 0.016990
