0 -nan -nan
0 -nan -nan
0 -nan -nan
1 0.000000 0.000000
2 0.153828 0.082962
3 0.292156 0.123323
4 0.402234 0.143034
5 0.461588 0.144774
6 0.550608 0.150306
7 0.633186 0.145591
8 0.685934 0.140319
9 0.752247 0.131263
10 0.798405 0.129019
11 0.827381 0.121868
13 0.912237 0.108896
14 0.944859 0.106980
15 0.973214 0.099541
16 1.008666 0.097814
17 1.029138 0.093271
18 1.055941 0.088292
20 1.087742 0.085366
21 1.095581 0.081160
23 1.135232 0.076282
24 1.153769 0.074448
26 1.179580 0.070991
28 1.199159 0.069440
30 1.219746 0.063856
32 1.224260 0.063498
34 1.252763 0.061020
37 1.256832 0.058273
39 1.280440 0.055412
42 1.292865 0.052981
45 1.306373 0.051232
49 1.323199 0.048045
52 1.330705 0.046153
57 1.343895 0.042034
61 1.352854 0.041087
67 1.369919 0.038435
73 1.379319 0.035448
80 1.387992 0.033199
88 1.399803 0.031147
97 1.406157 0.029091
109 1.415665 0.025712
123 1.425779 0.023347
141 1.436175 0.020919
165 1.443865 0.018110
200 1.453138 0.015162
253 1.461580 0.011968
352 1.471010 0.008834
611 1.480828 0.005176
2024 1.490488 0.001570
