1 0.000000 0.000000
2 0.078555 0.048279
3 0.116459 0.063284
4 0.187064 0.090299
5 0.219334 0.098610
6 0.256413 0.109279
7 0.283869 0.113861
8 0.347418 0.125258
9 0.365805 0.128960
10 0.410570 0.137813
11 0.431820 0.137793
12 0.449893 0.135226
13 0.493730 0.140851
14 0.540958 0.139065
15 0.547334 0.134902
16 0.575627 0.142350
17 0.594127 0.133345
18 0.608152 0.134823
19 0.604726 0.134119
20 0.656501 0.132183
22 0.655251 0.129107
24 0.718494 0.124798
26 0.718059 0.124548
28 0.741936 0.124658
30 0.763360 0.122483
33 0.800443 0.114738
36 0.816758 0.111932
39 0.824051 0.107920
42 0.857159 0.108225
46 0.889301 0.100721
50 0.892743 0.096406
55 0.933027 0.093124
60 0.934330 0.090018
66 0.957582 0.083732
72 0.979480 0.076303
79 0.985795 0.074615
86 0.997010 0.069266
94 0.998179 0.067611
103 1.018635 0.062084
113 1.031118 0.058253
124 1.034251 0.055115
136 1.044715 0.051067
149 1.054783 0.047068
163 1.069998 0.043943
179 1.071021 0.040124
