1 0.000000 0.000000
2 0.005258 0.003617
3 0.006071 0.003827
4 0.019039 0.011903
5 0.021315 0.012630
6 0.030060 0.018707
7 0.025923 0.014278
8 0.027416 0.016562
9 0.022795 0.011007
10 0.060184 0.032763
11 0.047455 0.024735
12 0.061866 0.032830
13 0.067803 0.036364
14 0.059498 0.031277
15 0.082461 0.043665
16 0.085434 0.045796
17 0.060038 0.032306
18 0.107416 0.052553
19 0.073395 0.038112
20 0.078812 0.041198
22 0.079264 0.039543
24 0.116415 0.056773
26 0.092340 0.045127
28 0.124724 0.061172
30 0.154810 0.075548
33 0.144687 0.066907
36 0.143345 0.068318
39 0.192446 0.084612
42 0.191365 0.085821
46 0.214177 0.093392
50 0.215456 0.095408
55 0.233842 0.104172
60 0.236050 0.097829
66 0.262118 0.106938
72 0.310321 0.115896
79 0.281571 0.108488
86 0.347335 0.119378
94 0.358398 0.118967
103 0.360853 0.126998
113 0.395308 0.129439
124 0.425003 0.134235
136 0.472004 0.132792
149 0.478800 0.132359
163 0.531492 0.137168
179 0.559761 0.134553
196 0.601576 0.131421
215 0.609482 0.131603
236 0.634166 0.133522
259 0.657417 0.134707
284 0.684992 0.123980
312 0.726353 0.121419
343 0.757193 0.118934
377 0.776429 0.116234
414 0.805807 0.110004
455 0.828476 0.108679
500 0.845823 0.100999
550 0.868108 0.099119
605 0.882130 0.093762
665 0.906738 0.088326
731 0.931014 0.082575
804 0.935264 0.078535
884 0.961335 0.074604
972 0.960506 0.071990
1069 0.971637 0.063445
1175 0.977567 0.061926
1292 0.991678 0.055945
1421 1.007142 0.055108
1563 1.013480 0.049342
1719 1.021923 0.045655
1890 1.029867 0.042377
2079 1.031193 0.038353
