1 0.000000 0.000000
2 0.000139 0.000096
3 0.002662 0.001687
4 0.007329 0.004392
5 0.000762 0.000495
6 0.000837 0.000532
7 0.001942 0.001192
8 0.000000 0.000000
9 0.005279 0.003153
10 0.006603 0.004134
11 0.008307 0.004943
12 0.008016 0.004883
13 0.004358 0.002450
14 0.005544 0.002986
15 0.003561 0.001702
16 0.014590 0.008390
17 0.008276 0.005338
18 0.007416 0.004286
19 0.013735 0.007274
20 0.011984 0.007099
22 0.008359 0.004938
24 0.006582 0.003166
26 0.015266 0.008326
28 0.011342 0.006647
30 0.016512 0.009168
33 0.011427 0.006088
36 0.023212 0.013716
39 0.016545 0.009250
42 0.018754 0.010387
46 0.023860 0.013341
50 0.024265 0.012776
55 0.034012 0.019729
60 0.033693 0.018222
66 0.031297 0.016077
72 0.044016 0.023294
79 0.045140 0.023011
86 0.038175 0.021030
94 0.042027 0.022968
103 0.049229 0.027465
113 0.066840 0.036984
124 0.054855 0.029887
136 0.058699 0.031400
149 0.068294 0.032206
163 0.073445 0.039324
179 0.075346 0.039859
196 0.093245 0.046518
215 0.105735 0.052331
236 0.125163 0.060811
259 0.110637 0.056553
284 0.141221 0.068304
312 0.117420 0.057545
343 0.125493 0.060740
377 0.139763 0.068142
414 0.190526 0.085953
455 0.186937 0.085485
500 0.214685 0.090532
550 0.205328 0.090185
605 0.224848 0.096061
665 0.222652 0.092311
731 0.284246 0.110067
804 0.288104 0.114277
884 0.303134 0.120626
972 0.342818 0.116891
1069 0.356232 0.128661
1175 0.368531 0.127789
1292 0.469720 0.134296
1421 0.443738 0.138868
1563 0.471878 0.133235
1719 0.538974 0.137145
1890 0.524577 0.134361
2079 0.555915 0.132887
2286 0.605804 0.139621
2514 0.645713 0.132367
2765 0.680272 0.131402
3041 0.679682 0.126566
3345 0.738356 0.125172
3679 0.768450 0.116365
4046 0.769436 0.116875
4450 0.787696 0.110308
4895 0.801774 0.108775
5384 0.852894 0.101648
5922 0.870233 0.098595
6514 0.875541 0.092435
7165 0.908949 0.089749
7881 0.921288 0.083582
8669 0.941168 0.081984
9535 0.944488 0.074663
10488 0.957890 0.069533
11536 0.971349 0.065470
12689 0.990082 0.058877
13957 0.988728 0.055500
15352 0.991552 0.052455
16887 1.010547 0.048878
18575 1.015993 0.045200
20432 1.022543 0.041478
22475 1.034586 0.038862
24722 1.027247 0.035053
