1 0.000000 0.000000
2 0.021300 0.014310
3 0.024139 0.014783
4 0.021114 0.012772
5 0.037802 0.023080
6 0.036444 0.020943
7 0.060715 0.033616
8 0.062124 0.034300
9 0.071945 0.038889
10 0.082089 0.043059
11 0.078536 0.037741
12 0.083607 0.044913
13 0.086312 0.043375
14 0.105993 0.050814
15 0.122298 0.059929
16 0.091280 0.048124
17 0.130494 0.061908
18 0.135637 0.067202
19 0.133348 0.063866
20 0.151838 0.069090
22 0.129167 0.062371
24 0.172454 0.081253
26 0.196464 0.090278
28 0.206923 0.088822
30 0.222182 0.098738
33 0.240566 0.103044
36 0.262111 0.109684
39 0.271357 0.110862
42 0.292367 0.114526
46 0.329237 0.118177
50 0.301133 0.115327
55 0.381751 0.127333
60 0.374920 0.131547
66 0.406639 0.130322
72 0.412847 0.133541
79 0.469145 0.143235
86 0.466450 0.135243
94 0.512715 0.133376
103 0.554924 0.133965
113 0.557358 0.132905
124 0.603080 0.133397
136 0.619974 0.138618
149 0.645923 0.131157
163 0.727089 0.123479
179 0.695011 0.123720
196 0.746639 0.119612
215 0.757173 0.119258
236 0.797936 0.114623
259 0.816372 0.107075
284 0.844417 0.103966
312 0.874987 0.099521
343 0.882644 0.094719
377 0.892117 0.093956
414 0.924450 0.088940
455 0.928992 0.082246
500 0.939963 0.075368
550 0.956513 0.071116
605 0.980277 0.070248
665 0.987839 0.064057
731 0.995461 0.059720
804 0.995945 0.054299
884 1.008654 0.053102
972 1.019666 0.044528
1069 1.025120 0.044208
1175 1.025166 0.040766
