1 0.000000 0.000000
2 0.003662 0.002525
3 0.007277 0.004579
4 0.010207 0.006610
5 0.010233 0.005744
6 0.005911 0.003966
7 0.022063 0.012078
8 0.022661 0.014095
9 0.032585 0.017509
10 0.038484 0.021417
11 0.040287 0.022251
12 0.037894 0.021050
13 0.041464 0.024735
14 0.040593 0.024382
15 0.038444 0.020526
16 0.036694 0.020016
17 0.056822 0.030121
18 0.042836 0.024061
19 0.051029 0.027954
20 0.050135 0.026687
22 0.065487 0.035403
24 0.057924 0.029903
26 0.066112 0.033039
28 0.076584 0.039223
30 0.084899 0.046033
33 0.096367 0.050582
36 0.079415 0.040152
39 0.105160 0.051700
42 0.107117 0.051937
46 0.122824 0.062718
50 0.128439 0.062894
55 0.157730 0.074462
60 0.145642 0.070419
66 0.189227 0.082040
72 0.192790 0.082154
79 0.157659 0.073316
86 0.215070 0.093506
94 0.249529 0.104375
103 0.267577 0.107890
113 0.272525 0.108337
124 0.291146 0.114038
136 0.334742 0.121818
149 0.358313 0.124182
163 0.343572 0.120363
179 0.391565 0.129350
196 0.394981 0.129871
215 0.434809 0.132966
236 0.458159 0.136426
259 0.499003 0.139628
284 0.513300 0.136804
312 0.574570 0.137588
343 0.600477 0.135111
377 0.610682 0.133004
414 0.637961 0.124556
455 0.686090 0.128540
500 0.721351 0.122677
550 0.722108 0.119747
605 0.758828 0.120456
665 0.791337 0.109524
731 0.818485 0.108517
804 0.828402 0.107689
884 0.847048 0.100959
972 0.888956 0.096615
1069 0.893663 0.090448
1175 0.918350 0.087739
1292 0.924222 0.082832
1421 0.948725 0.078267
1563 0.946944 0.072273
1719 0.971348 0.066993
1890 0.974679 0.065552
2079 0.989743 0.057678
2286 1.004331 0.056024
2514 1.007818 0.051646
2765 1.014858 0.047464
3041 1.026917 0.043588
3345 1.028190 0.040078
