1 0.000000 0.000000
2 0.000000 0.000000
3 0.004321 0.002731
4 0.000000 0.000000
5 0.004453 0.002977
6 0.007400 0.004219
7 0.000676 0.000299
8 0.004701 0.002815
9 0.000272 0.000187
10 0.008122 0.005400
11 0.011098 0.006306
12 0.004175 0.002175
13 0.005516 0.002689
14 0.011133 0.006565
15 0.009022 0.004311
16 0.012483 0.007219
17 0.007014 0.003273
18 0.004724 0.002658
19 0.011648 0.005883
20 0.010032 0.004843
22 0.017605 0.010481
24 0.027046 0.015332
26 0.016441 0.010039
28 0.024878 0.014395
30 0.016373 0.008671
33 0.026485 0.014387
36 0.021127 0.011085
39 0.026657 0.016689
42 0.037004 0.021237
46 0.032167 0.017997
50 0.053888 0.029759
55 0.025049 0.013461
60 0.024930 0.013740
66 0.046260 0.025429
72 0.039532 0.023224
79 0.029910 0.018019
86 0.064031 0.031927
94 0.074473 0.040174
103 0.057151 0.029283
113 0.052319 0.029223
124 0.052407 0.028017
136 0.055044 0.028837
149 0.083396 0.041759
163 0.095755 0.046515
179 0.097580 0.046405
196 0.132702 0.066396
215 0.101218 0.048961
236 0.130608 0.063503
259 0.141262 0.066194
284 0.148911 0.070444
312 0.155153 0.070645
343 0.162858 0.073631
377 0.186760 0.084419
414 0.202820 0.087340
455 0.208042 0.093004
500 0.254110 0.104525
550 0.279244 0.112802
605 0.296248 0.114750
665 0.311312 0.118584
731 0.318963 0.116008
804 0.368451 0.131172
884 0.364565 0.128876
972 0.440087 0.136411
1069 0.457339 0.133310
1175 0.506900 0.134425
1292 0.503088 0.136593
1421 0.524459 0.136932
1563 0.554147 0.133710
1719 0.583947 0.135324
1890 0.633459 0.128220
2079 0.656121 0.132100
2286 0.678050 0.131244
2514 0.722897 0.122756
2765 0.742454 0.119967
3041 0.752540 0.121251
3345 0.809257 0.104796
3679 0.839089 0.105548
4046 0.853611 0.101682
4450 0.853387 0.099672
4895 0.873696 0.096247
5384 0.897965 0.093782
5922 0.915785 0.086907
6514 0.923928 0.079031
7165 0.946032 0.077222
7881 0.961479 0.072925
8669 0.971882 0.066827
9535 0.975183 0.061544
10488 0.997286 0.057871
11536 0.999707 0.055481
12689 1.010882 0.049065
13957 1.018280 0.045738
15352 1.024043 0.042923
16887 1.025242 0.038262
