1 0.000000 0.000000
2 0.000139 0.000096
3 0.003946 0.002496
4 0.006467 0.004411
5 0.006076 0.004035
6 0.006150 0.003467
7 0.004331 0.002146
8 0.010031 0.006428
9 0.003831 0.002170
10 0.013863 0.007693
11 0.008734 0.005221
12 0.009720 0.004998
13 0.012489 0.007351
14 0.016318 0.009140
15 0.017354 0.008867
16 0.017446 0.010471
17 0.020104 0.012042
18 0.006063 0.003285
19 0.024687 0.012989
20 0.024013 0.013398
22 0.014387 0.007752
24 0.017990 0.009576
26 0.029901 0.017608
28 0.020327 0.011477
30 0.023769 0.014357
33 0.024712 0.013835
36 0.035874 0.020306
39 0.040531 0.023322
42 0.040399 0.020352
46 0.044328 0.022640
50 0.064589 0.033924
55 0.063201 0.034292
60 0.061185 0.032731
66 0.078195 0.040272
72 0.080412 0.042122
79 0.067231 0.035924
86 0.093650 0.048679
94 0.071411 0.038565
103 0.096388 0.048194
113 0.111432 0.057566
124 0.106055 0.053390
136 0.122265 0.062081
149 0.113002 0.057829
163 0.171709 0.083310
179 0.145655 0.070967
196 0.176067 0.080091
215 0.190069 0.084217
236 0.200165 0.082802
259 0.240557 0.100099
284 0.246195 0.103097
312 0.276608 0.109955
343 0.311224 0.115558
377 0.303177 0.115256
414 0.306552 0.117075
455 0.370428 0.127727
500 0.369853 0.127532
550 0.411464 0.134974
605 0.434165 0.133277
665 0.451844 0.135246
731 0.485817 0.137522
804 0.505644 0.136631
884 0.578439 0.134389
972 0.561095 0.137205
1069 0.612904 0.134123
1175 0.617812 0.132029
1292 0.667761 0.128162
1421 0.663732 0.125747
1563 0.731082 0.121445
1719 0.744936 0.120141
1890 0.766603 0.118186
2079 0.794843 0.109298
2286 0.824171 0.105535
2514 0.858151 0.101257
2765 0.852361 0.094979
3041 0.881320 0.092319
3345 0.905139 0.085316
3679 0.929219 0.084252
4046 0.933033 0.077708
4450 0.955055 0.074353
4895 0.969411 0.071882
5384 0.975926 0.064617
5922 0.995518 0.060540
6514 0.995036 0.055827
7165 1.002996 0.050479
7881 1.022605 0.048278
8669 1.026643 0.045458
9535 1.031038 0.040840
10488 1.025165 0.037485
