1 0.000000 0.000000
2 0.000000 0.000000
3 0.000000 0.000000
4 0.001387 0.000814
5 0.004340 0.002745
6 0.001186 0.000533
7 0.000000 0.000000
8 0.002938 0.001902
9 0.005794 0.003533
10 0.001573 0.000959
11 0.002105 0.001022
12 0.004726 0.002956
13 0.000786 0.000460
14 0.004770 0.002816
15 0.006472 0.003087
16 0.004665 0.002959
17 0.002882 0.001759
18 0.006127 0.003114
19 0.016586 0.010277
20 0.003755 0.002390
22 0.008076 0.003842
24 0.006046 0.003191
26 0.011537 0.007270
28 0.009435 0.005255
30 0.004501 0.002380
33 0.013442 0.007518
36 0.014873 0.007639
39 0.010718 0.005586
42 0.010563 0.005960
46 0.019457 0.011206
50 0.012518 0.006741
55 0.029143 0.017067
60 0.022872 0.011490
66 0.019299 0.010985
72 0.021182 0.011096
79 0.027321 0.016555
86 0.027743 0.014754
94 0.028815 0.016615
103 0.041279 0.020988
113 0.035879 0.018532
124 0.043071 0.022446
136 0.039944 0.021366
149 0.051946 0.027803
163 0.064157 0.034713
179 0.043289 0.024247
196 0.071722 0.038730
215 0.061788 0.032704
236 0.087371 0.043384
259 0.108516 0.054877
284 0.127256 0.063902
312 0.099583 0.050341
343 0.114666 0.060565
377 0.118194 0.059597
414 0.131058 0.062983
455 0.143613 0.070263
500 0.156709 0.077348
550 0.187299 0.088389
605 0.187740 0.087275
665 0.219830 0.093705
731 0.196627 0.084564
804 0.254597 0.105163
884 0.276719 0.106732
972 0.282782 0.110982
1069 0.311395 0.117319
1175 0.322368 0.119418
1292 0.356708 0.123394
1421 0.388465 0.123255
1563 0.413532 0.132298
1719 0.420659 0.140983
1890 0.441962 0.134673
2079 0.484537 0.135254
2286 0.515599 0.136741
2514 0.582825 0.138539
2765 0.586435 0.133067
3041 0.598546 0.128685
3345 0.638404 0.132493
3679 0.656316 0.124918
4046 0.691407 0.129603
4450 0.740982 0.121683
4895 0.749383 0.119210
5384 0.795923 0.111641
5922 0.805856 0.110892
6514 0.836259 0.107253
7165 0.864442 0.098844
7881 0.878837 0.095799
8669 0.899784 0.094954
9535 0.910147 0.088009
10488 0.928176 0.081380
11536 0.951857 0.077768
12689 0.952241 0.074097
13957 0.956949 0.068960
15352 0.977807 0.064313
16887 0.985344 0.061244
18575 1.003190 0.055666
20432 0.997871 0.052025
22475 1.011156 0.047677
24722 1.019698 0.043811
27194 1.021182 0.040920
