1 0.000000 0.000000
2 0.219777 0.104036
3 0.405235 0.136254
4 0.513962 0.140562
5 0.587277 0.139913
6 0.668870 0.134324
7 0.736310 0.129278
8 0.768467 0.123922
9 0.806624 0.121337
10 0.851236 0.113864
11 0.875635 0.109808
12 0.903924 0.104068
13 0.925743 0.100853
14 0.940272 0.099420
15 0.957498 0.094255
16 0.974430 0.092823
17 0.984857 0.087898
18 0.997485 0.086072
19 1.006976 0.083781
20 1.019893 0.081006
22 1.026528 0.076368
24 1.045645 0.071738
26 1.056689 0.067560
28 1.071064 0.065836
30 1.080741 0.061645
33 1.090236 0.058330
36 1.093540 0.053266
39 1.103268 0.049712
42 1.110556 0.047761
46 1.116198 0.043315
50 1.126877 0.041567
55 1.133081 0.037681
60 1.137490 0.035369
66 1.144791 0.032156
72 1.146569 0.029505
