1 0.000000 0.000000
2 0.013965 0.009485
3 0.020510 0.012634
4 0.027346 0.016055
5 0.039671 0.023505
6 0.027675 0.015518
7 0.050874 0.029463
8 0.037625 0.020367
9 0.068821 0.038703
10 0.043012 0.021668
11 0.077266 0.040335
12 0.080207 0.040566
13 0.092037 0.048219
14 0.079594 0.041289
15 0.096578 0.048727
16 0.098566 0.048209
17 0.091249 0.047851
18 0.128658 0.064503
19 0.106462 0.051574
20 0.135366 0.067604
22 0.128906 0.062196
24 0.155316 0.072009
26 0.151278 0.071915
28 0.176658 0.081281
30 0.195840 0.087981
33 0.216838 0.090901
36 0.216669 0.095872
39 0.179588 0.082650
42 0.235933 0.096683
46 0.224435 0.098887
50 0.239433 0.099424
55 0.292080 0.112585
60 0.342564 0.122724
66 0.302256 0.115609
72 0.325065 0.118283
79 0.389927 0.128685
86 0.393653 0.126847
94 0.455805 0.136026
103 0.443394 0.137738
113 0.476331 0.140220
124 0.548616 0.139333
136 0.564215 0.137201
149 0.567272 0.132948
163 0.613308 0.135090
179 0.626213 0.134958
196 0.656138 0.129929
215 0.687318 0.126439
236 0.707243 0.126788
259 0.753649 0.118486
284 0.784459 0.113335
312 0.784612 0.113539
343 0.813679 0.108423
377 0.841820 0.104901
414 0.878599 0.097034
455 0.893194 0.092421
500 0.898164 0.090347
550 0.914937 0.086449
605 0.927696 0.080006
665 0.946393 0.076133
731 0.958797 0.071527
804 0.975284 0.067290
884 0.980015 0.061695
972 0.986057 0.058342
1069 1.010450 0.054860
1175 1.010938 0.050542
