1 0.000000 0.000000
2 0.114992 0.066483
3 0.142566 0.075395
4 0.234626 0.106437
5 0.279736 0.116962
6 0.340054 0.130818
7 0.387112 0.133166
8 0.431710 0.137760
9 0.460183 0.139000
10 0.472681 0.139292
11 0.526505 0.143179
12 0.546389 0.142899
13 0.571539 0.136747
14 0.615450 0.136766
15 0.658541 0.131267
16 0.660382 0.134151
17 0.689642 0.134572
18 0.713956 0.130239
19 0.709586 0.129331
20 0.729731 0.127587
22 0.762640 0.124320
24 0.797031 0.117099
26 0.830784 0.113424
28 0.843660 0.110100
30 0.857888 0.107392
33 0.876683 0.104872
36 0.898242 0.100259
39 0.920514 0.096440
42 0.925736 0.094741
46 0.947300 0.087783
50 0.965006 0.084356
55 0.988870 0.078507
60 0.988174 0.075576
66 1.006667 0.070096
72 1.019421 0.066853
79 1.035527 0.062080
86 1.044468 0.059343
94 1.049852 0.053325
103 1.064834 0.050340
113 1.069958 0.046893
124 1.078458 0.043857
136 1.080093 0.040460
