1 0.000000 0.000000
2 0.000000 0.000000
3 0.003521 0.002229
4 0.002690 0.001524
5 0.003337 0.002014
6 0.013156 0.007376
7 0.009004 0.004670
8 0.016407 0.008929
9 0.005344 0.002351
10 0.031071 0.018059
11 0.018547 0.010691
12 0.018728 0.009445
13 0.030196 0.016846
14 0.025967 0.013627
15 0.016372 0.009306
16 0.016122 0.008393
17 0.034808 0.020227
18 0.027631 0.014611
19 0.024258 0.011518
20 0.031111 0.018325
22 0.043330 0.025193
24 0.036249 0.019854
26 0.068948 0.037035
28 0.034435 0.017329
30 0.046140 0.024573
33 0.054695 0.030716
36 0.059501 0.030840
39 0.048224 0.022681
42 0.088820 0.046133
46 0.081364 0.042829
50 0.073908 0.040579
55 0.069326 0.037631
60 0.104715 0.055270
66 0.089950 0.044972
72 0.129043 0.065432
79 0.105301 0.052554
86 0.112239 0.058497
94 0.129790 0.064715
103 0.183934 0.086172
113 0.165633 0.074699
124 0.190850 0.082197
136 0.233375 0.097343
149 0.228598 0.097071
163 0.221945 0.093660
179 0.255919 0.105763
196 0.263189 0.104767
215 0.310464 0.119868
236 0.306332 0.115919
259 0.367006 0.124764
284 0.367192 0.128776
312 0.401715 0.135971
343 0.426274 0.132460
377 0.430054 0.134375
414 0.449559 0.139495
455 0.473305 0.141113
500 0.563298 0.135954
550 0.575208 0.132809
605 0.588060 0.137424
665 0.639848 0.131864
731 0.664416 0.131449
804 0.699313 0.126705
884 0.706500 0.124939
972 0.739581 0.123759
1069 0.763477 0.121536
1175 0.790277 0.113090
1292 0.816076 0.109481
1421 0.847060 0.103831
1563 0.868928 0.098055
1719 0.886054 0.092543
1890 0.901578 0.091788
2079 0.923431 0.083712
2286 0.930428 0.077096
2514 0.951063 0.075298
2765 0.959997 0.071883
3041 0.970456 0.065796
3345 0.979753 0.062767
3679 0.997195 0.057334
4046 1.000276 0.053855
4450 1.006922 0.050179
4895 1.025459 0.046876
5384 1.022159 0.042740
