1 0.000000 0.000000
2 0.261816 0.112929
3 0.442566 0.138073
4 0.555288 0.140580
5 0.652090 0.136664
6 0.719414 0.131253
7 0.776970 0.124351
8 0.824862 0.118843
9 0.860290 0.113210
10 0.892814 0.107677
11 0.914703 0.104390
12 0.937254 0.099495
13 0.954617 0.093769
14 0.977842 0.091794
15 0.990485 0.087560
16 0.997273 0.082688
17 1.010653 0.082118
18 1.023199 0.078287
19 1.039561 0.077119
20 1.041776 0.072932
22 1.058432 0.069832
24 1.067019 0.065050
26 1.075501 0.060706
28 1.080541 0.056548
30 1.087761 0.054852
33 1.098313 0.050827
36 1.107605 0.046779
39 1.116053 0.044107
42 1.119041 0.041290
46 1.128757 0.037995
50 1.134050 0.035972
55 1.139587 0.032743
60 1.139668 0.029893
