1 0.000000 0.000000
2 0.000000 0.000000
3 0.004457 0.002817
4 0.001671 0.000937
5 0.008817 0.005822
6 0.002692 0.001319
7 0.003346 0.001361
8 0.010180 0.005798
9 0.003321 0.001306
10 0.010293 0.006385
11 0.007986 0.004538
12 0.003953 0.001910
13 0.005329 0.002992
14 0.010687 0.006773
15 0.010518 0.006053
16 0.010130 0.005510
17 0.010541 0.005285
18 0.001395 0.000628
19 0.011572 0.006970
20 0.010635 0.005863
22 0.014168 0.008098
24 0.012313 0.007601
26 0.028613 0.014385
28 0.024081 0.014909
30 0.015488 0.008119
33 0.029832 0.016609
36 0.030538 0.017640
39 0.030169 0.015428
42 0.032606 0.018358
46 0.031254 0.016884
50 0.030045 0.016163
55 0.044921 0.024728
60 0.052365 0.026660
66 0.042597 0.023475
72 0.041045 0.022582
79 0.064187 0.033385
86 0.067881 0.033573
94 0.063216 0.036148
103 0.100497 0.051060
113 0.073681 0.039654
124 0.093487 0.048896
136 0.106303 0.054420
149 0.111357 0.056018
163 0.110038 0.052647
179 0.116767 0.057485
196 0.139075 0.064272
215 0.163055 0.076233
236 0.153816 0.071179
259 0.185446 0.083330
284 0.197415 0.089401
312 0.208886 0.088674
343 0.235535 0.098270
377 0.219952 0.091367
414 0.266676 0.110365
455 0.284895 0.116933
500 0.317695 0.118885
550 0.321165 0.121758
605 0.353917 0.124478
665 0.354600 0.129563
731 0.409838 0.132556
804 0.403622 0.130109
884 0.468391 0.134256
972 0.489859 0.132666
1069 0.518278 0.134190
1175 0.565247 0.130569
1292 0.582444 0.133377
1421 0.617791 0.133988
1563 0.640148 0.130654
1719 0.669421 0.126118
1890 0.711222 0.122533
2079 0.735816 0.124434
2286 0.767570 0.113048
2514 0.782637 0.112773
2765 0.806111 0.108227
3041 0.832153 0.104317
3345 0.860299 0.100694
3679 0.862464 0.095875
4046 0.902203 0.089233
4450 0.904455 0.088044
4895 0.920992 0.083677
5384 0.937577 0.078524
5922 0.946572 0.073254
6514 0.964213 0.067489
7165 0.980752 0.062276
7881 0.989324 0.057971
8669 0.998902 0.057300
9535 1.006422 0.051027
10488 1.004819 0.046897
