1 0.000000 0.000000
2 0.016392 0.011093
3 0.049065 0.028985
4 0.064055 0.036624
5 0.078980 0.043048
6 0.105213 0.053982
7 0.128981 0.064196
8 0.132293 0.064443
9 0.138135 0.066909
10 0.133661 0.069652
11 0.142718 0.067192
12 0.213217 0.091396
13 0.198611 0.088207
14 0.232243 0.099873
15 0.208175 0.089717
16 0.238604 0.099276
17 0.281446 0.108296
18 0.279836 0.114079
19 0.294898 0.112330
20 0.291565 0.112572
22 0.321263 0.117170
24 0.342795 0.130145
26 0.354358 0.125567
28 0.382449 0.133122
30 0.448427 0.135400
33 0.425610 0.133621
36 0.467854 0.143335
39 0.521503 0.136351
42 0.530795 0.135322
46 0.557446 0.136827
50 0.592544 0.134317
55 0.599136 0.135176
60 0.625700 0.132368
66 0.660115 0.131546
72 0.697447 0.130003
79 0.725318 0.125071
86 0.749519 0.119056
94 0.767984 0.118529
103 0.804198 0.112782
113 0.810638 0.108774
124 0.842161 0.104967
136 0.877980 0.099882
149 0.879434 0.097661
163 0.900218 0.090306
179 0.910834 0.089625
196 0.934492 0.080060
215 0.947353 0.079500
236 0.962310 0.074345
259 0.970366 0.069806
284 0.988774 0.065216
312 0.990531 0.062079
343 0.999673 0.057686
377 1.008794 0.053958
414 1.018170 0.050272
455 1.029628 0.046991
500 1.042694 0.042050
550 1.037012 0.039726
