1 0.000000 0.000000
2 0.001584 0.001095
3 0.002230 0.001414
4 0.010248 0.006027
5 0.006433 0.004055
6 0.007758 0.004288
7 0.017855 0.008997
8 0.021708 0.011522
9 0.025579 0.012157
10 0.016399 0.008500
11 0.027243 0.015184
12 0.028564 0.015490
13 0.031921 0.017431
14 0.040920 0.022711
15 0.032236 0.018008
16 0.027109 0.015304
17 0.052839 0.028518
18 0.038853 0.021245
19 0.042845 0.022762
20 0.059336 0.031715
22 0.057999 0.031332
24 0.052147 0.028433
26 0.042648 0.023606
28 0.040308 0.020384
30 0.065315 0.035775
33 0.073025 0.036629
36 0.061198 0.029869
39 0.090525 0.047821
42 0.092327 0.046079
46 0.104386 0.052727
50 0.098322 0.050057
55 0.111357 0.054754
60 0.123466 0.060702
66 0.110054 0.053793
72 0.162394 0.072724
79 0.147165 0.068498
86 0.164735 0.075522
94 0.170908 0.080719
103 0.180734 0.081027
113 0.199869 0.086771
124 0.260507 0.109715
136 0.234751 0.100281
149 0.240195 0.100583
163 0.297869 0.112050
179 0.340028 0.121526
196 0.363883 0.126004
215 0.350541 0.125071
236 0.387192 0.130705
259 0.405035 0.137254
284 0.421872 0.130308
312 0.453156 0.133885
343 0.510537 0.138183
377 0.489616 0.135386
414 0.540404 0.140060
455 0.632520 0.130695
500 0.626496 0.135474
550 0.656751 0.135690
605 0.690977 0.127733
665 0.724491 0.123768
731 0.723225 0.122775
804 0.741392 0.120168
884 0.792762 0.114495
972 0.823301 0.108127
1069 0.843802 0.105457
1175 0.864864 0.100568
1292 0.883693 0.094453
1421 0.895597 0.090559
1563 0.915473 0.087650
1719 0.922692 0.082071
1890 0.944082 0.076258
2079 0.952473 0.071201
2286 0.970926 0.069883
2514 0.973002 0.062686
2765 0.987094 0.058449
3041 0.994241 0.054190
3345 1.002425 0.049743
3679 1.015407 0.045720
4046 1.024023 0.042448
4450 1.029352 0.040474
4895 1.022533 0.036640
