1 0.000000 0.000000
2 0.183908 0.093653
3 0.325130 0.128613
4 0.433069 0.137011
5 0.508095 0.140448
6 0.586523 0.142055
7 0.645907 0.137163
8 0.717265 0.130874
9 0.732911 0.132504
10 0.781119 0.124510
11 0.804016 0.119664
12 0.831487 0.116575
13 0.866562 0.111839
14 0.881931 0.109603
15 0.901674 0.103575
16 0.915682 0.100281
17 0.943478 0.098446
18 0.948973 0.095901
19 0.964215 0.091869
20 0.974982 0.090401
22 0.985696 0.086166
24 1.005533 0.081708
26 1.020175 0.077440
28 1.037044 0.074330
30 1.044166 0.070952
33 1.057311 0.065690
36 1.070122 0.063114
39 1.083956 0.059835
42 1.089302 0.055640
46 1.099789 0.051576
50 1.105504 0.047844
55 1.118334 0.045913
60 1.117678 0.041776
