1 0.000000 0.000000
2 0.000139 0.000096
3 0.002133 0.001353
4 0.000538 0.000372
5 0.000690 0.000413
6 0.000498 0.000323
7 0.003183 0.001863
8 0.000872 0.000503
9 0.005196 0.003343
10 0.003793 0.002539
11 0.006106 0.003872
12 0.000136 0.000092
13 0.000389 0.000177
14 0.007475 0.004549
15 0.007554 0.004542
16 0.007361 0.004803
17 0.001251 0.000709
18 0.008589 0.004763
19 0.002777 0.000956
20 0.002246 0.000706
22 0.006118 0.003928
24 0.003977 0.002227
26 0.006604 0.003879
28 0.013467 0.007847
30 0.009269 0.005713
33 0.005678 0.003761
36 0.009054 0.005290
39 0.007809 0.004066
42 0.011326 0.005894
46 0.011647 0.007097
50 0.010203 0.005957
55 0.021072 0.012084
60 0.010999 0.007072
66 0.008429 0.004497
72 0.019660 0.011251
79 0.020520 0.011887
86 0.015752 0.010019
94 0.030761 0.016915
103 0.029103 0.016025
113 0.016586 0.009209
124 0.028138 0.014339
136 0.034611 0.017430
149 0.045404 0.025818
163 0.039566 0.021320
179 0.022942 0.013058
196 0.069517 0.035624
215 0.067255 0.035597
236 0.069030 0.035110
259 0.069926 0.037825
284 0.075076 0.041725
312 0.089837 0.048546
343 0.062849 0.033799
377 0.081437 0.043709
414 0.094394 0.048153
455 0.113338 0.056833
500 0.149867 0.072736
550 0.153871 0.072675
605 0.149525 0.071350
665 0.158651 0.076142
731 0.158995 0.071450
804 0.212466 0.089137
884 0.226064 0.100186
972 0.226998 0.098492
1069 0.246574 0.100554
1175 0.270976 0.102972
1292 0.290054 0.111438
1421 0.328482 0.122059
1563 0.288184 0.111413
1719 0.387027 0.127924
1890 0.354524 0.126579
2079 0.431509 0.132751
2286 0.455741 0.133971
2514 0.452224 0.130267
2765 0.469569 0.133978
3041 0.545407 0.134263
3345 0.583370 0.135899
3679 0.606978 0.129491
4046 0.615220 0.136607
4450 0.667347 0.130206
4895 0.669042 0.127224
5384 0.696276 0.126719
5922 0.722597 0.122942
6514 0.749572 0.118397
7165 0.794154 0.111152
7881 0.808886 0.110168
8669 0.853511 0.102245
9535 0.863901 0.098822
10488 0.876512 0.092083
11536 0.885543 0.089614
12689 0.906541 0.083083
13957 0.925022 0.079819
15352 0.937588 0.076535
16887 0.950514 0.073094
18575 0.969584 0.068881
20432 0.980822 0.063249
22475 0.981034 0.060293
24722 0.997156 0.054430
27194 1.008935 0.051748
29913 1.018854 0.047774
