1 0.000000 0.000000
2 0.002995 0.002067
3 0.000252 0.000160
4 0.003473 0.001959
5 0.010408 0.005315
6 0.009016 0.005454
7 0.008543 0.005442
8 0.009700 0.006319
9 0.012338 0.007155
10 0.024362 0.014659
11 0.012177 0.007016
12 0.006156 0.003626
13 0.014367 0.007823
14 0.019807 0.009234
15 0.028602 0.016113
16 0.023556 0.013558
17 0.025232 0.014047
18 0.027597 0.015921
19 0.029757 0.018010
20 0.029079 0.016737
22 0.040228 0.024203
24 0.029867 0.016251
26 0.019241 0.010515
28 0.042376 0.024131
30 0.036316 0.019552
33 0.029116 0.015874
36 0.050149 0.027821
39 0.049407 0.028095
42 0.056146 0.029761
46 0.046360 0.024190
50 0.062508 0.033287
55 0.071884 0.038154
60 0.076049 0.039040
66 0.083552 0.041421
72 0.070592 0.036196
79 0.105762 0.053623
86 0.106425 0.055986
94 0.092503 0.046213
103 0.152473 0.074029
113 0.133418 0.066249
124 0.132284 0.062111
136 0.159731 0.073846
149 0.196570 0.087933
163 0.183609 0.083209
179 0.194670 0.083853
196 0.206642 0.088362
215 0.241178 0.102765
236 0.279966 0.113730
259 0.308429 0.116142
284 0.333069 0.122820
312 0.308921 0.118255
343 0.324237 0.122105
377 0.374858 0.132792
414 0.369097 0.126571
455 0.405620 0.135130
500 0.463599 0.131458
550 0.485770 0.139534
605 0.533079 0.135739
665 0.525958 0.128822
731 0.557971 0.140254
804 0.609803 0.131934
884 0.636062 0.131206
972 0.664467 0.130085
1069 0.693573 0.120133
1175 0.712236 0.122889
1292 0.759523 0.119544
1421 0.780500 0.114303
1563 0.805261 0.111003
1719 0.802627 0.107525
1890 0.851757 0.102225
2079 0.875429 0.097745
2286 0.880562 0.091152
2514 0.909393 0.088172
2765 0.917140 0.083995
3041 0.941698 0.079459
3345 0.957502 0.073863
3679 0.960581 0.070107
4046 0.965055 0.066129
4450 0.997191 0.061615
4895 1.002474 0.057630
5384 1.003906 0.052195
