1 0.000000 0.000000
2 0.043926 0.028518
3 0.098684 0.056179
4 0.124863 0.064879
5 0.160526 0.078278
6 0.240584 0.105579
7 0.253529 0.106645
8 0.280073 0.113288
9 0.285337 0.111193
10 0.344200 0.123722
11 0.347618 0.122630
12 0.396490 0.132094
13 0.374145 0.126946
14 0.412621 0.135130
15 0.437060 0.135900
16 0.455072 0.136176
17 0.485342 0.140286
18 0.521524 0.137002
19 0.538412 0.137223
20 0.549670 0.139783
22 0.584151 0.137733
24 0.589487 0.138328
26 0.633763 0.134208
28 0.661503 0.130445
30 0.669602 0.133418
33 0.694741 0.127897
36 0.759666 0.119229
39 0.747130 0.119831
42 0.795520 0.114969
46 0.793181 0.118307
50 0.830152 0.107154
55 0.842665 0.105684
60 0.892032 0.096500
66 0.890710 0.097278
72 0.898776 0.094189
79 0.941221 0.087613
86 0.946210 0.082721
94 0.954911 0.080543
103 0.982445 0.074826
113 0.990601 0.069357
124 1.003881 0.066428
136 1.014271 0.061291
149 1.022155 0.058971
163 1.036022 0.055950
179 1.036929 0.049941
