1 0.000000 0.000000
2 0.148644 0.080937
3 0.283827 0.121096
4 0.344929 0.131436
5 0.419996 0.138724
6 0.519631 0.143864
7 0.579005 0.139623
8 0.614244 0.138742
9 0.672077 0.135441
10 0.686310 0.134549
11 0.713678 0.129412
12 0.744487 0.126591
13 0.787123 0.122631
14 0.796885 0.120312
15 0.824682 0.113988
16 0.836026 0.112999
17 0.861994 0.109796
18 0.885380 0.105729
19 0.897086 0.104829
20 0.904746 0.102243
22 0.935526 0.097982
24 0.947427 0.093094
26 0.973768 0.089959
28 0.985797 0.084530
30 0.990975 0.082624
33 1.012532 0.078922
36 1.025486 0.075469
39 1.039342 0.069571
42 1.047217 0.066922
46 1.060401 0.060678
50 1.066806 0.058774
55 1.080503 0.054445
60 1.081550 0.050646
