1 0.000000 0.000000
2 0.127574 0.072152
3 0.221837 0.102687
4 0.299180 0.121080
5 0.346820 0.130389
6 0.402647 0.136316
7 0.494051 0.142938
8 0.494907 0.143834
9 0.549896 0.144577
10 0.625485 0.138236
11 0.607249 0.137557
12 0.673821 0.133234
13 0.647845 0.137600
14 0.718127 0.129709
15 0.731267 0.129663
16 0.750983 0.124811
17 0.771175 0.122375
18 0.794630 0.120722
19 0.808030 0.116835
20 0.816443 0.116680
22 0.843362 0.110798
24 0.879838 0.105421
26 0.901785 0.099531
28 0.914943 0.097666
30 0.932887 0.095111
33 0.946576 0.092537
36 0.969346 0.085084
39 0.986613 0.083601
42 0.995686 0.079735
46 0.996835 0.075602
50 1.024287 0.071773
55 1.038678 0.066150
60 1.043086 0.061753
66 1.061095 0.057432
72 1.063694 0.055150
79 1.077605 0.051699
86 1.082436 0.046528
94 1.089314 0.043608
103 1.097797 0.041149
113 1.098900 0.037379
