1 0.000000 0.000000
2 0.019576 0.013186
3 0.029714 0.018031
4 0.015752 0.009030
5 0.033775 0.020211
6 0.057293 0.030614
7 0.064981 0.035417
8 0.069059 0.037291
9 0.099658 0.049862
10 0.089990 0.048454
11 0.112295 0.056245
12 0.123072 0.061488
13 0.130534 0.064891
14 0.128329 0.062897
15 0.141291 0.067962
16 0.181919 0.086527
17 0.140770 0.066970
18 0.184424 0.085864
19 0.179221 0.080328
20 0.185683 0.083022
22 0.217207 0.096643
24 0.245832 0.102597
26 0.250863 0.104602
28 0.249804 0.101607
30 0.241356 0.101873
33 0.280169 0.112101
36 0.343363 0.123128
39 0.287745 0.109906
42 0.340320 0.123603
46 0.349645 0.120821
50 0.405243 0.131950
55 0.408139 0.129510
60 0.459340 0.138782
66 0.499366 0.137014
72 0.517361 0.132786
79 0.521200 0.140750
86 0.562528 0.138778
94 0.590483 0.132468
103 0.609806 0.133107
113 0.663922 0.129651
124 0.695759 0.128131
136 0.721939 0.124142
149 0.721633 0.124274
163 0.778250 0.116734
179 0.774184 0.115058
196 0.824298 0.108496
215 0.835406 0.105264
236 0.853135 0.102826
259 0.881415 0.096672
284 0.900214 0.092353
312 0.918102 0.085871
343 0.935020 0.083935
377 0.946980 0.077267
414 0.961227 0.073472
455 0.975210 0.072775
500 0.983263 0.065564
550 0.999055 0.060228
605 1.004395 0.055922
665 1.016010 0.051982
731 1.024412 0.048495
804 1.030905 0.045208
884 1.031287 0.040446
