1 0.000000 0.000000
2 0.005920 0.004069
3 0.006636 0.004180
4 0.020344 0.012391
5 0.015128 0.008475
6 0.025099 0.014271
7 0.023992 0.014351
8 0.041357 0.024670
9 0.029880 0.016199
10 0.035631 0.017999
11 0.041955 0.024566
12 0.036923 0.019905
13 0.028909 0.015100
14 0.044065 0.025091
15 0.052507 0.027514
16 0.063927 0.035587
17 0.061694 0.033971
18 0.067368 0.034276
19 0.073377 0.036886
20 0.052244 0.026537
22 0.074828 0.039739
24 0.084726 0.045607
26 0.095050 0.049063
28 0.108268 0.055074
30 0.120470 0.061800
33 0.118125 0.058768
36 0.114853 0.057021
39 0.132499 0.064401
42 0.148128 0.073255
46 0.149202 0.072252
50 0.152499 0.075111
55 0.201117 0.090124
60 0.203789 0.088119
66 0.224993 0.094332
72 0.237504 0.098598
79 0.256218 0.105211
86 0.234304 0.098049
94 0.276424 0.107201
103 0.308153 0.114977
113 0.360358 0.123806
124 0.378402 0.127028
136 0.379500 0.125323
149 0.419883 0.135937
163 0.434763 0.135175
179 0.434851 0.138208
196 0.505426 0.132327
215 0.534828 0.135202
236 0.552794 0.135770
259 0.593584 0.135443
284 0.631577 0.131417
312 0.634737 0.133425
343 0.660769 0.129191
377 0.698937 0.127243
414 0.705680 0.121700
455 0.755365 0.121769
500 0.780859 0.112097
550 0.804872 0.109450
605 0.826558 0.105522
665 0.860232 0.099003
731 0.867369 0.102748
804 0.883002 0.096696
884 0.903677 0.088332
972 0.929685 0.085063
1069 0.935695 0.078215
1175 0.946431 0.075780
1292 0.961963 0.071840
1421 0.977880 0.065247
1563 0.988204 0.063085
1719 1.000025 0.057719
1890 1.000981 0.051504
