1 0.000000 0.000000
2 0.054976 0.035084
3 0.074019 0.042064
4 0.124528 0.065855
5 0.144155 0.072507
6 0.168733 0.081859
7 0.181902 0.085904
8 0.189344 0.086689
9 0.255403 0.102976
10 0.262455 0.104494
11 0.279196 0.108880
12 0.308886 0.121405
13 0.322946 0.120872
14 0.338611 0.123023
15 0.367707 0.126484
16 0.389808 0.128570
17 0.369341 0.135455
18 0.421210 0.129214
19 0.440492 0.134824
20 0.452523 0.136117
22 0.480446 0.138183
24 0.473560 0.138403
26 0.534160 0.134783
28 0.546445 0.139118
30 0.570062 0.138703
33 0.609483 0.134836
36 0.633196 0.139792
39 0.689294 0.131334
42 0.676410 0.130047
46 0.728105 0.125112
50 0.756080 0.121405
55 0.772601 0.120606
60 0.809804 0.115036
66 0.818816 0.110963
72 0.854501 0.103487
79 0.867548 0.100700
86 0.884592 0.099082
94 0.909654 0.091908
103 0.916592 0.088616
113 0.930468 0.084594
124 0.960678 0.080326
136 0.965366 0.075190
149 0.987715 0.070594
163 0.991000 0.068202
179 1.009901 0.061284
196 1.015596 0.059098
215 1.021283 0.055374
236 1.027178 0.049704
259 1.034359 0.045542
284 1.042514 0.043576
312 1.050753 0.038124
343 1.056663 0.036293
377 1.064497 0.034406
414 1.068493 0.031119
455 1.070598 0.028570
500 1.078722 0.026311
550 1.074662 0.024975
