1 0.000000 0.000000
2 0.032144 0.021247
3 0.024272 0.015414
4 0.066111 0.038081
5 0.056820 0.032052
6 0.084085 0.047350
7 0.079799 0.043600
8 0.090182 0.043064
9 0.123007 0.060347
10 0.145392 0.068750
11 0.126976 0.061906
12 0.157236 0.075578
13 0.153157 0.076353
14 0.169197 0.079010
15 0.196867 0.089983
16 0.184175 0.082177
17 0.178078 0.081710
18 0.226057 0.101883
19 0.212387 0.094750
20 0.238294 0.098896
22 0.278648 0.113059
24 0.280270 0.117111
26 0.283404 0.116175
28 0.349471 0.120565
30 0.316125 0.117686
33 0.342224 0.123296
36 0.369345 0.127178
39 0.421767 0.130007
42 0.442984 0.132394
46 0.472463 0.132469
50 0.474664 0.131123
55 0.523267 0.136489
60 0.530407 0.132144
66 0.572164 0.135176
72 0.585635 0.137651
79 0.627321 0.135121
86 0.645210 0.134263
94 0.667119 0.134153
103 0.696664 0.126109
113 0.735523 0.120844
124 0.768636 0.120016
136 0.797961 0.109340
149 0.817051 0.112160
163 0.840099 0.108033
179 0.860528 0.106341
196 0.865302 0.096796
215 0.902731 0.090971
236 0.916108 0.087363
259 0.950749 0.084780
284 0.939058 0.078567
312 0.950966 0.072932
343 0.974646 0.070785
377 0.982743 0.067054
414 0.986770 0.061023
455 1.006725 0.057628
500 1.006974 0.054349
