1 0.000000 0.000000
2 0.036733 0.024112
3 0.062009 0.036939
4 0.060424 0.035519
5 0.090806 0.048354
6 0.122630 0.061151
7 0.141050 0.073407
8 0.160679 0.075587
9 0.228281 0.099117
10 0.192923 0.089651
11 0.214306 0.092051
12 0.267000 0.106989
13 0.256289 0.101613
14 0.286544 0.111307
15 0.268240 0.107182
16 0.298567 0.113309
17 0.334587 0.124302
18 0.387160 0.132128
19 0.359654 0.122511
20 0.367295 0.132223
22 0.404877 0.131676
24 0.386812 0.130081
26 0.431370 0.137466
28 0.471801 0.138428
30 0.495323 0.135730
33 0.511702 0.134585
36 0.542217 0.146569
39 0.583136 0.137328
42 0.585746 0.137867
46 0.652576 0.127622
50 0.648177 0.132503
55 0.683081 0.128797
60 0.716815 0.125422
66 0.731463 0.124745
72 0.766828 0.116658
79 0.783668 0.115483
86 0.816055 0.112852
94 0.844049 0.106334
103 0.859764 0.103909
113 0.884602 0.096596
124 0.891577 0.093285
136 0.910136 0.090410
149 0.937878 0.084696
163 0.948990 0.078204
179 0.971395 0.076498
196 0.968784 0.069684
215 0.990865 0.066626
236 1.007251 0.062594
259 1.004732 0.055921
