1 0.000000 0.000000
2 0.050390 0.032388
3 0.103048 0.058111
4 0.159421 0.080390
5 0.187418 0.090002
6 0.221947 0.100023
7 0.259049 0.110774
8 0.293748 0.119915
9 0.314472 0.124249
10 0.363884 0.131598
11 0.400104 0.137714
12 0.420746 0.141128
13 0.434916 0.141840
14 0.470157 0.143359
15 0.484536 0.143761
16 0.530934 0.145783
17 0.545704 0.147634
18 0.566992 0.145811
19 0.582479 0.150416
20 0.599069 0.145841
22 0.638740 0.141760
24 0.676295 0.142167
26 0.715655 0.137783
28 0.744213 0.132257
30 0.770807 0.131711
33 0.819997 0.125274
36 0.849264 0.118307
39 0.876315 0.116126
42 0.916932 0.113589
46 0.949581 0.107051
50 0.980947 0.099594
55 1.018699 0.091256
60 1.042681 0.088455
66 1.074834 0.084624
72 1.101159 0.081046
79 1.131847 0.076330
86 1.152927 0.073805
94 1.177103 0.069017
103 1.193823 0.064467
113 1.214719 0.061568
124 1.236258 0.058816
136 1.252790 0.055350
149 1.265059 0.050519
163 1.279200 0.048164
179 1.293800 0.044994
