1 0.000000 0.000000
2 0.094824 0.056735
3 0.169656 0.086267
4 0.246491 0.110273
5 0.309242 0.123711
6 0.365086 0.134665
7 0.419124 0.142479
8 0.475803 0.146410
9 0.506189 0.147875
10 0.558913 0.150569
11 0.599198 0.148667
12 0.621823 0.145480
13 0.664248 0.141638
14 0.690968 0.140549
15 0.722050 0.138417
16 0.746571 0.134899
17 0.774857 0.132961
18 0.800019 0.131157
19 0.815726 0.127073
20 0.840111 0.121510
22 0.883901 0.117169
24 0.923006 0.111123
26 0.955299 0.105324
28 0.978456 0.100550
30 1.007415 0.097147
33 1.045315 0.089719
36 1.071766 0.086381
39 1.099323 0.080228
42 1.127637 0.076803
46 1.151594 0.073934
50 1.172299 0.070207
55 1.200686 0.065527
60 1.216906 0.063006
66 1.244274 0.059675
72 1.254544 0.056211
79 1.279056 0.053439
86 1.291835 0.050144
