1 0.000000 0.000000
2 0.010953 0.007472
3 0.020289 0.012530
4 0.026187 0.015590
5 0.039048 0.022422
6 0.040646 0.022958
7 0.049878 0.027593
8 0.060019 0.033239
9 0.065464 0.034831
10 0.074672 0.039718
11 0.083337 0.043653
12 0.085983 0.045445
13 0.096057 0.049982
14 0.095458 0.049594
15 0.116542 0.059771
16 0.117193 0.057868
17 0.135219 0.066894
18 0.133565 0.065583
19 0.143644 0.068334
20 0.148191 0.070583
22 0.164563 0.078056
24 0.168565 0.077859
26 0.188912 0.086389
28 0.200769 0.089797
30 0.203588 0.090469
33 0.226116 0.098462
36 0.249924 0.105541
39 0.263969 0.108470
42 0.281616 0.114099
46 0.302623 0.119569
50 0.330301 0.122907
55 0.356410 0.129861
60 0.371331 0.130963
66 0.419476 0.137952
72 0.440269 0.139347
79 0.470468 0.142283
86 0.492781 0.145750
94 0.528163 0.145319
103 0.570077 0.145128
113 0.596092 0.145277
124 0.641622 0.141527
136 0.674688 0.140431
149 0.714484 0.139242
163 0.744866 0.132425
179 0.787519 0.126939
196 0.824032 0.123327
215 0.861806 0.117330
236 0.894311 0.111955
259 0.932557 0.106101
284 0.963987 0.100912
312 0.999930 0.096181
343 1.028505 0.090114
377 1.060109 0.084394
414 1.085674 0.082453
455 1.110318 0.076651
500 1.141057 0.074230
550 1.162006 0.069065
605 1.180743 0.065814
665 1.199937 0.062318
731 1.215495 0.057199
804 1.232392 0.055549
884 1.247793 0.051192
972 1.257342 0.047862
1069 1.272472 0.044392
1175 1.284411 0.041306
