1 0.000000 0.000000
2 0.036271 0.023825
3 0.063719 0.037506
4 0.089216 0.049143
5 0.112889 0.059349
6 0.135416 0.067194
7 0.161357 0.078633
8 0.171585 0.082843
9 0.191936 0.088795
10 0.218852 0.099665
11 0.239428 0.102583
12 0.261645 0.109589
13 0.282278 0.113551
14 0.289879 0.115752
15 0.305582 0.122319
16 0.331001 0.125383
17 0.350431 0.129511
18 0.360446 0.128143
19 0.390830 0.135984
20 0.400010 0.137700
22 0.426987 0.139353
24 0.462374 0.142941
26 0.481251 0.144369
28 0.501707 0.147587
30 0.528702 0.148217
33 0.580110 0.145430
36 0.607195 0.149145
39 0.634831 0.144683
42 0.667722 0.142007
46 0.700738 0.138748
50 0.741158 0.135305
55 0.787103 0.130776
60 0.818239 0.127673
66 0.853181 0.118995
72 0.904145 0.115800
79 0.929929 0.109023
86 0.959422 0.103052
94 0.991298 0.097863
103 1.023520 0.092390
113 1.055429 0.088066
124 1.081318 0.083281
136 1.112342 0.078689
149 1.137755 0.074413
163 1.158386 0.071948
179 1.179167 0.066802
196 1.200896 0.064163
215 1.219394 0.059689
236 1.234984 0.056367
259 1.248047 0.052606
284 1.262930 0.050110
312 1.275514 0.046374
343 1.289323 0.043387
