1 0.000000 0.000000
2 0.001242 0.000859
3 0.003673 0.002327
4 0.005755 0.003459
5 0.006089 0.003546
6 0.008508 0.005066
7 0.010104 0.005930
8 0.009487 0.005317
9 0.013815 0.007987
10 0.013597 0.007789
11 0.013775 0.007791
12 0.017001 0.009440
13 0.018967 0.010728
14 0.018447 0.010390
15 0.020379 0.011481
16 0.026816 0.015156
17 0.022911 0.013063
18 0.023493 0.013052
19 0.023661 0.013202
20 0.027057 0.014970
22 0.028579 0.015569
24 0.031033 0.016953
26 0.034660 0.018917
28 0.038562 0.020922
30 0.044428 0.023889
33 0.045137 0.024737
36 0.049138 0.026825
39 0.053722 0.028890
42 0.057667 0.031644
46 0.063574 0.033340
50 0.063965 0.034004
55 0.076316 0.039999
60 0.078143 0.041508
66 0.082361 0.042500
72 0.098923 0.050276
79 0.100221 0.051266
86 0.111260 0.055414
94 0.126571 0.062436
103 0.129247 0.064229
113 0.144235 0.069533
124 0.158860 0.075774
136 0.172088 0.080455
149 0.189350 0.087099
163 0.205721 0.090769
179 0.227086 0.098428
196 0.236855 0.102831
215 0.257180 0.108285
236 0.282291 0.113450
259 0.309446 0.121040
284 0.332603 0.124749
312 0.352428 0.128453
343 0.379032 0.134360
377 0.403134 0.135171
414 0.441070 0.139661
455 0.473813 0.142489
500 0.509926 0.143550
550 0.542947 0.144359
605 0.582009 0.142207
665 0.611491 0.143183
731 0.653859 0.143938
804 0.694456 0.139964
884 0.729436 0.137088
972 0.765994 0.130413
1069 0.806241 0.127953
1175 0.841475 0.119540
1292 0.879804 0.114269
1421 0.920829 0.108317
1563 0.949451 0.103444
1719 0.987981 0.098079
1890 1.021520 0.092805
2079 1.045713 0.088131
2286 1.076154 0.083377
2514 1.102943 0.077175
2765 1.127740 0.074034
3041 1.152918 0.070477
3345 1.173078 0.066806
3679 1.192752 0.063330
4046 1.207265 0.059291
4450 1.224866 0.055621
4895 1.238678 0.052168
5384 1.255897 0.049530
5922 1.262917 0.045373
6514 1.277327 0.043075
7165 1.285294 0.039056
