1 0.000000 0.000000
2 0.002620 0.001809
3 0.006314 0.004081
4 0.008958 0.005508
5 0.012343 0.007312
6 0.013515 0.007906
7 0.016735 0.009379
8 0.020751 0.011813
9 0.022920 0.013139
10 0.024445 0.013435
11 0.027465 0.015653
12 0.027127 0.015087
13 0.028597 0.016276
14 0.036301 0.020186
15 0.033590 0.018943
16 0.038634 0.021427
17 0.038628 0.020741
18 0.043738 0.023114
19 0.043261 0.023684
20 0.047176 0.025993
22 0.052859 0.028466
24 0.057604 0.031044
26 0.054588 0.029446
28 0.065725 0.034871
30 0.067147 0.035043
33 0.076405 0.039833
36 0.082705 0.042982
39 0.088900 0.046086
42 0.096398 0.047753
46 0.113061 0.056397
50 0.115297 0.056698
55 0.123742 0.060673
60 0.132285 0.065141
66 0.149377 0.071330
72 0.169440 0.080338
79 0.175257 0.081437
86 0.187746 0.084808
94 0.205055 0.091628
103 0.231418 0.099963
113 0.240890 0.102371
124 0.262030 0.107708
136 0.287703 0.116865
149 0.307545 0.119839
163 0.321894 0.124291
179 0.361954 0.130994
196 0.379448 0.132609
215 0.415251 0.140425
236 0.452063 0.141971
259 0.471681 0.144158
284 0.513888 0.145130
312 0.549160 0.144667
343 0.575567 0.146389
377 0.610601 0.143188
414 0.659509 0.141908
455 0.687948 0.140630
500 0.733839 0.136582
550 0.765419 0.133552
605 0.798372 0.126832
665 0.845176 0.121730
731 0.883767 0.117018
804 0.920865 0.111468
884 0.952114 0.104531
972 0.984456 0.096937
1069 1.019451 0.093064
1175 1.047816 0.087442
1292 1.081202 0.082102
1421 1.103583 0.078146
1563 1.131596 0.074053
1719 1.150124 0.070608
1890 1.175396 0.066876
2079 1.192075 0.063778
2286 1.213485 0.060701
2514 1.225438 0.054934
2765 1.241676 0.052344
3041 1.253399 0.049266
3345 1.265985 0.045481
3679 1.277417 0.042852
4046 1.286880 0.039124
