1 0.000000 0.000000
2 0.004555 0.003137
3 0.010447 0.006651
4 0.014191 0.008500
5 0.021169 0.012127
6 0.024320 0.013961
7 0.027500 0.015907
8 0.032757 0.018289
9 0.042515 0.023700
10 0.046579 0.025809
11 0.043793 0.023852
12 0.046694 0.025685
13 0.053067 0.028909
14 0.057465 0.031309
15 0.062031 0.032917
16 0.065270 0.034582
17 0.072447 0.037883
18 0.076357 0.040339
19 0.078538 0.041871
20 0.080440 0.041662
22 0.092578 0.048547
24 0.098966 0.050613
26 0.105128 0.053629
28 0.118461 0.058741
30 0.125845 0.061647
33 0.132307 0.064511
36 0.149626 0.071487
39 0.156727 0.074899
42 0.166859 0.078087
46 0.176414 0.082345
50 0.202336 0.091291
55 0.207296 0.092227
60 0.233621 0.098366
66 0.247160 0.105160
72 0.278524 0.113518
79 0.297404 0.116109
86 0.318057 0.122245
94 0.335037 0.125821
103 0.363788 0.127479
113 0.395210 0.132826
124 0.422159 0.139303
136 0.448379 0.141479
149 0.481480 0.143295
163 0.518636 0.145102
179 0.549534 0.145456
196 0.598370 0.143555
215 0.625423 0.142397
236 0.651376 0.143415
259 0.705103 0.137365
284 0.739765 0.135095
312 0.777128 0.133007
343 0.811284 0.124517
377 0.851748 0.120051
414 0.886598 0.113498
455 0.927955 0.108578
500 0.957799 0.102457
550 0.991989 0.098228
605 1.023422 0.092090
665 1.050077 0.086653
731 1.078628 0.083175
804 1.108415 0.077697
884 1.134015 0.074180
972 1.155143 0.069746
1069 1.175012 0.067058
1175 1.197399 0.062466
1292 1.211073 0.059212
1421 1.230957 0.055690
1563 1.244635 0.052373
1719 1.257370 0.049169
1890 1.273460 0.046345
2079 1.281714 0.042395
