1 0.000000 0.000000
2 0.019862 0.013373
3 0.035826 0.021815
4 0.052897 0.030420
5 0.069133 0.038793
6 0.077213 0.042040
7 0.089947 0.047244
8 0.100291 0.051982
9 0.116063 0.058904
10 0.130964 0.066465
11 0.144786 0.070784
12 0.157150 0.075042
13 0.161975 0.076409
14 0.177650 0.081570
15 0.188439 0.089212
16 0.204264 0.092394
17 0.208634 0.094227
18 0.228463 0.099286
19 0.233326 0.100309
20 0.253490 0.105827
22 0.269175 0.111632
24 0.280731 0.113660
26 0.302354 0.118357
28 0.326070 0.123587
30 0.344303 0.126899
33 0.367682 0.131357
36 0.399591 0.136624
39 0.430303 0.139151
42 0.455229 0.144791
46 0.477118 0.145984
50 0.515533 0.146555
55 0.546006 0.146064
60 0.588456 0.145986
66 0.617245 0.143907
72 0.650012 0.142997
79 0.691014 0.137497
86 0.723100 0.136249
94 0.759759 0.136619
103 0.802809 0.128030
113 0.833358 0.121656
124 0.869130 0.117777
136 0.909183 0.109846
149 0.944200 0.106387
163 0.974452 0.101807
179 1.010775 0.095399
196 1.040859 0.089447
215 1.068055 0.085925
236 1.096542 0.080479
259 1.122871 0.075909
284 1.145985 0.072605
312 1.168754 0.069050
343 1.184722 0.064501
377 1.205295 0.061361
414 1.223561 0.056830
455 1.237219 0.053670
500 1.252000 0.050736
550 1.266023 0.047269
605 1.277036 0.043490
665 1.287586 0.041076
