1 0.000000 0.000000
2 0.001106 0.000766
3 0.002037 0.001292
4 0.002881 0.001740
5 0.004788 0.002908
6 0.005086 0.003147
7 0.005939 0.003550
8 0.005839 0.003366
9 0.007796 0.004654
10 0.007213 0.004182
11 0.008058 0.004564
12 0.009634 0.005648
13 0.010810 0.006143
14 0.011229 0.006454
15 0.011091 0.006439
16 0.014482 0.008282
17 0.012376 0.007123
18 0.011022 0.006045
19 0.015985 0.008940
20 0.017686 0.009998
22 0.016815 0.009524
24 0.020012 0.011374
26 0.020224 0.011364
28 0.020612 0.011429
30 0.025861 0.014383
33 0.025194 0.014210
36 0.025988 0.014393
39 0.030385 0.016802
42 0.030363 0.016765
46 0.036020 0.019721
50 0.038630 0.020830
55 0.044199 0.023369
60 0.044392 0.024319
66 0.053576 0.029220
72 0.056345 0.030198
79 0.054151 0.028897
86 0.062698 0.033444
94 0.071788 0.037372
103 0.068193 0.035537
113 0.080728 0.041428
124 0.091276 0.046423
136 0.101879 0.051561
149 0.110079 0.055599
163 0.119284 0.059791
179 0.133933 0.065437
196 0.141555 0.068688
215 0.159105 0.076357
236 0.169650 0.079151
259 0.184864 0.084372
284 0.209991 0.094176
312 0.220639 0.096483
343 0.240286 0.102665
377 0.252492 0.107307
414 0.275332 0.111014
455 0.295236 0.116101
500 0.329849 0.123661
550 0.349237 0.126003
605 0.372630 0.132067
665 0.406287 0.135626
731 0.434607 0.140146
804 0.468303 0.143994
884 0.502903 0.145134
972 0.544237 0.144621
1069 0.579473 0.148107
1175 0.615273 0.145824
1292 0.653875 0.143149
1421 0.684747 0.139624
1563 0.722222 0.140496
1719 0.768903 0.131916
1890 0.805534 0.127513
2079 0.842718 0.120757
2286 0.879603 0.116079
2514 0.921587 0.109270
2765 0.954454 0.104655
3041 0.986806 0.099317
3345 1.018195 0.093501
3679 1.049954 0.087070
4046 1.078183 0.085054
4450 1.104350 0.079433
4895 1.126596 0.074665
5384 1.151365 0.070029
