1 0.000000 0.000000
2 0.160236 0.085392
3 0.290772 0.122116
4 0.391133 0.139066
5 0.462337 0.146423
6 0.540991 0.146516
7 0.614050 0.147787
8 0.673984 0.143253
9 0.728940 0.136908
10 0.777205 0.132128
11 0.827109 0.126560
12 0.858046 0.122004
13 0.892422 0.113826
14 0.927487 0.110316
15 0.954001 0.106878
16 0.986234 0.098973
17 1.011192 0.097576
18 1.026826 0.093339
19 1.046731 0.089464
20 1.069667 0.087754
22 1.101849 0.083261
24 1.136256 0.077042
26 1.162394 0.072465
28 1.182168 0.069711
30 1.203360 0.066699
33 1.227934 0.063484
36 1.251877 0.059620
39 1.265800 0.057000
42 1.281768 0.053567
