1 0.000000 0.000000
2 0.481501 0.304708
3 1.642404 0.454253
4 2.386370 0.372654
5 3.004768 0.297776
6 3.555405 0.216019
7 3.980974 0.176521
8 4.399628 0.136267
9 4.738838 0.118773
10 5.044540 0.117729
11 5.277498 0.103476
12 5.499973 0.099457
13 5.699265 0.108863
14 5.884387 0.116137
15 6.061659 0.089440
16 6.172637 0.104595
17 6.308769 0.111028
18 6.480421 0.104842
19 6.575390 0.093739
20 6.677488 0.099257
22 6.828876 0.116635
24 6.997374 0.107397
26 7.122613 0.100521
28 7.224601 0.111195
30 7.385722 0.119529
33 7.502467 0.119812
36 7.543393 0.118675
39 7.637947 0.125610
42 7.796308 0.120910
46 7.806798 0.125579
50 7.899610 0.146075
55 7.983924 0.107061
60 7.993590 0.115350
66 8.022298 0.104634
72 8.056771 0.091347
79 8.130498 0.108597
86 8.142572 0.099828
94 8.135283 0.083824
103 8.166257 0.075871
113 8.149701 0.065367
124 8.142277 0.053844
136 8.150908 0.047442
149 8.139288 0.037099
163 8.162763 0.032435
179 8.154512 0.025756
196 8.148134 0.021838
215 8.146076 0.019613
236 8.140247 0.016351
259 8.149819 0.012988
284 8.128932 0.010591
312 8.134620 0.009217
343 8.150428 0.007326
377 8.152341 0.005689
