1 0.000000 0.000000
1 0.000000 0.000000
2 0.180480 0.131924
2 0.193086 0.147186
3 0.717180 0.650475
3 0.755159 0.670100
4 1.279744 0.938248
4 1.296021 0.948732
5 1.867051 1.065254
5 1.917035 1.140032
6 2.366097 1.045679
6 2.405838 1.145504
7 2.845351 1.152176
7 2.917856 1.029336
8 3.391680 0.896076
8 3.441714 0.831729
9 3.721242 0.912340
9 3.790349 0.822795
10 4.100104 0.688236
10 4.132682 0.748499
11 4.425904 0.743003
12 4.790593 0.521602
12 4.903799 0.510021
13 5.047653 0.505683
14 5.366192 0.377517
14 5.373070 0.373005
15 5.598557 0.317774
16 5.813533 0.329388
16 5.815576 0.291127
17 6.011924 0.241476
18 6.324423 0.228277
19 6.349896 0.193070
19 6.432074 0.195532
20 6.571707 0.181717
22 6.890225 0.169447
22 6.926382 0.146419
24 7.205382 0.134225
26 7.464950 0.114715
26 7.494822 0.091215
28 7.674942 0.103238
30 7.902438 0.089264
31 8.022222 0.085400
33 8.217109 0.082852
36 8.475298 0.074747
37 8.547694 0.079228
39 8.756795 0.065641
42 8.920606 0.066263
44 9.097883 0.061037
46 9.217293 0.061062
50 9.491765 0.065687
52 9.583581 0.049197
55 9.753855 0.055718
60 10.001031 0.054106
62 10.105670 0.059861
66 10.255912 0.049240
72 10.474382 0.055335
74 10.598915 0.056567
79 10.762818 0.050976
86 11.011610 0.050367
88 11.079237 0.056740
94 11.224724 0.061829
103 11.481689 0.054266
105 11.526218 0.057362
113 11.716801 0.063188
124 11.953813 0.060518
126 11.982283 0.053749
136 12.168415 0.057585
149 12.406986 0.060017
151 12.393207 0.050087
163 12.600158 0.058071
179 12.816281 0.050806
181 12.838698 0.061432
196 13.041497 0.058286
215 13.239860 0.064002
217 13.267075 0.065414
236 13.406365 0.061529
260 13.637755 0.061434
300 13.921892 0.057618
312 14.008402 0.057531
374 14.354813 0.064272
390 14.451793 0.057665
507 14.873280 0.056238
659 15.273199 0.057967
900 15.770196 0.049415
