1 0.000000 0.000000
2 0.209398 0.213652
3 1.056870 0.680507
4 1.675698 0.886393
5 2.376776 0.985333
6 2.958837 0.685173
7 3.408742 0.640211
8 4.031680 0.428486
9 4.331157 0.399297
10 4.732545 0.298809
11 4.998552 0.277839
12 5.333345 0.239207
13 5.601129 0.157086
14 5.799487 0.162792
15 6.050573 0.124394
16 6.265910 0.121284
17 6.387720 0.117498
18 6.633956 0.098787
19 6.758977 0.103774
20 6.959572 0.100384
22 7.226649 0.074564
24 7.508615 0.068764
26 7.735022 0.069482
28 7.914606 0.077159
30 8.127607 0.067149
33 8.368445 0.060587
36 8.611520 0.065323
39 8.815792 0.073562
42 9.041322 0.065286
46 9.287883 0.068246
50 9.434655 0.071074
55 9.662339 0.066097
60 9.885826 0.066365
66 10.103503 0.070232
72 10.333077 0.076576
79 10.524790 0.076529
86 10.723550 0.085602
94 10.859133 0.079546
103 11.038137 0.074564
113 11.226744 0.074138
124 11.401945 0.082342
136 11.512215 0.080501
149 11.658708 0.068089
163 11.798706 0.095388
179 11.926109 0.088379
196 12.015515 0.091565
215 12.105281 0.088339
