1 0.000000 0.000000
1 0.000000 0.000000
2 0.166749 0.164070
2 0.182149 0.159841
3 0.501472 0.459608
3 0.531679 0.536377
4 0.941954 0.868079
4 1.002962 0.890635
5 1.234256 1.048819
5 1.285803 1.065698
6 1.631763 1.213439
6 1.744566 1.224397
7 2.088700 1.332543
7 2.129366 1.204051
8 2.497256 1.172767
8 2.533205 1.272623
9 2.819460 1.245744
9 2.827467 1.167254
10 3.065018 1.064385
10 3.158505 1.222309
12 3.797459 0.799901
13 4.183484 0.658547
14 4.321911 0.793123
16 4.769891 0.715395
16 4.772847 0.561127
19 5.360080 0.511315
20 5.585175 0.375525
22 5.826549 0.317537
26 6.505091 0.307254
26 6.575183 0.281443
31 7.090615 0.150278
33 7.262337 0.140529
37 7.697869 0.105093
42 8.186272 0.077555
44 8.358381 0.074449
52 8.922682 0.053770
54 9.081978 0.043078
62 9.537399 0.036563
70 9.991685 0.024461
74 10.154794 0.026753
88 10.784070 0.017953
91 10.885406 0.019603
105 11.398059 0.012660
118 11.810154 0.009094
126 12.035502 0.009669
151 12.669293 0.008354
153 12.728422 0.006441
181 13.306874 0.005101
198 13.631864 0.004181
217 13.950316 0.003773
257 14.541268 0.002988
260 14.571867 0.004340
312 15.220596 0.002069
334 15.482226 0.002046
374 15.846689 0.002551
434 16.388104 0.001352
