1 0.000000 0.000000
2 0.212873 0.201026
3 0.670215 0.650099
4 1.002377 0.850692
5 1.578686 1.225914
6 1.907826 1.113293
7 2.460103 1.357069
8 2.723186 1.193181
9 3.212895 1.094757
10 3.585748 0.933615
12 4.204553 0.812699
14 4.700471 0.707535
16 5.197934 0.535566
19 5.798455 0.378970
22 6.403402 0.296683
26 6.919036 0.218112
31 7.500878 0.154403
37 8.112059 0.102914
44 8.617184 0.079039
52 9.101841 0.050112
62 9.681759 0.036337
74 10.195370 0.029235
88 10.718836 0.020204
105 11.217190 0.018941
126 11.749130 0.016836
151 12.262606 0.012174
181 12.798032 0.011353
217 13.297085 0.013891
260 13.814461 0.018662
312 14.375690 0.018865
374 14.865637 0.026825
