1 0.000000 0.000000
2 0.175734 0.124845
3 0.767079 0.666202
4 1.157221 0.883588
5 1.767767 0.941201
6 2.223079 1.304308
7 2.812303 1.102642
8 3.254162 0.946297
9 3.509148 0.931564
10 3.986013 0.767223
12 4.658057 0.694514
14 5.180788 0.472910
16 5.649881 0.369761
19 6.253614 0.263248
22 6.737716 0.195528
26 7.329370 0.135453
31 7.843684 0.107319
37 8.424806 0.084750
44 8.971258 0.073310
52 9.496515 0.061422
62 10.040149 0.050520
74 10.542306 0.057618
88 11.003738 0.052764
105 11.467086 0.056671
126 11.950745 0.054586
151 12.385877 0.057374
181 12.864962 0.062717
217 13.301250 0.062761
260 13.708502 0.059620
312 14.129643 0.061428
374 14.516959 0.050663
