1 0.000000 0.000000
2 0.007479 0.013473
3 0.024012 0.033350
4 0.007910 0.009779
5 0.013911 0.016213
6 0.022805 0.024718
7 0.012022 0.013906
8 0.028690 0.027372
9 0.012121 0.012135
10 0.043531 0.047641
13 0.079606 0.094420
16 0.113250 0.125728
20 0.144350 0.186495
26 0.299711 0.291089
33 0.372837 0.343257
42 0.551504 0.473909
54 0.872135 0.616366
70 1.424147 0.745651
91 1.943131 0.787481
118 2.747973 0.648237
153 3.604434 0.488080
198 4.564275 0.351294
257 5.527792 0.195318
334 6.525353 0.129514
