1 0.000000 0.000000
2 0.000000 0.000000
3 0.018551 0.019789
4 0.023668 0.023499
5 0.034217 0.037153
6 0.077066 0.086060
7 0.089682 0.102319
8 0.104464 0.135754
9 0.097817 0.100757
10 0.120068 0.123806
13 0.167295 0.158929
16 0.264385 0.299506
20 0.549711 0.459913
26 0.656644 0.538883
33 1.264482 0.742370
42 1.632786 0.804689
54 2.300045 0.774017
70 3.086953 0.622907
91 3.988938 0.425633
118 4.940642 0.266926
153 5.879575 0.163949
198 6.959165 0.092764
257 7.982161 0.060304
334 9.010647 0.045432
