1 0.000000 0.000000
2 0.020725 0.024260
3 0.019146 0.017672
4 0.065596 0.073223
5 0.050840 0.065576
6 0.072028 0.077302
7 0.118449 0.126563
8 0.124011 0.130531
9 0.147955 0.156152
10 0.205069 0.178186
13 0.292967 0.328278
16 0.482379 0.445257
20 0.652814 0.581313
26 1.188457 0.744340
33 1.487519 0.651151
42 2.159585 0.806415
54 2.849415 0.730444
70 3.791092 0.572659
91 4.741164 0.333306
118 5.683288 0.191810
153 6.732526 0.152616
198 7.805362 0.068423
257 8.831041 0.040674
334 9.847937 0.025933
