1 0.000000 0.000000
2 0.422322 0.323051
3 1.508211 0.546345
4 2.142411 0.496662
5 2.885653 0.349464
6 3.441407 0.301795
7 3.928036 0.243658
8 4.341018 0.186309
9 4.705318 0.138204
10 5.015037 0.120625
11 5.302510 0.114325
12 5.552695 0.112901
13 5.744941 0.095693
14 5.955895 0.096876
15 6.180448 0.097615
16 6.326206 0.085401
17 6.487992 0.092688
18 6.593312 0.085180
19 6.728547 0.087054
20 6.890262 0.085643
22 7.091971 0.081485
24 7.280004 0.091998
26 7.483222 0.090427
28 7.643291 0.092569
30 7.747225 0.094434
33 7.975596 0.091928
36 8.081785 0.099847
39 8.200242 0.103687
42 8.328715 0.110580
46 8.471457 0.110102
50 8.605745 0.112361
55 8.711079 0.102488
60 8.768030 0.105261
66 8.828440 0.109632
72 8.926644 0.125758
79 8.986042 0.123303
86 9.069932 0.100570
94 9.127456 0.108272
103 9.142409 0.106205
113 9.172201 0.090233
124 9.192085 0.091972
136 9.207897 0.083174
149 9.182952 0.069216
163 9.215924 0.070801
179 9.234222 0.059158
196 9.239315 0.047149
215 9.233994 0.043738
236 9.215244 0.027736
