1 0.000000 0.000000
2 0.545724 0.276150
3 1.660145 0.374114
4 2.436280 0.313949
5 3.005576 0.258182
6 3.518116 0.214236
7 3.941486 0.174551
8 4.254512 0.190124
9 4.578587 0.176568
10 4.784139 0.165938
11 5.011854 0.158261
12 5.151014 0.168653
13 5.335249 0.156247
14 5.448931 0.161456
15 5.549054 0.150099
16 5.691619 0.159697
17 5.695730 0.172322
18 5.821373 0.162496
19 5.847702 0.175689
20 5.949249 0.175105
22 6.036851 0.181744
24 6.133824 0.181631
26 6.180381 0.185180
28 6.228201 0.186501
30 6.341391 0.161488
33 6.368048 0.150282
36 6.366556 0.156431
39 6.427868 0.130011
42 6.439572 0.129931
46 6.462836 0.149546
50 6.459689 0.110525
55 6.452408 0.097637
60 6.469493 0.105223
66 6.466449 0.077965
72 6.504260 0.081712
79 6.490362 0.062255
86 6.460949 0.058015
94 6.454972 0.053605
103 6.455101 0.045624
