1 0.000000 0.000000
2 0.121926 0.122655
3 0.414664 0.440594
4 0.653136 0.648156
5 0.799148 0.843016
6 1.130774 0.994658
7 1.383025 1.114869
8 1.659401 1.237482
9 1.800200 1.018417
10 2.083032 1.049207
13 2.940808 0.908650
16 3.601951 0.614762
20 4.345527 0.578595
26 5.392711 0.303470
33 6.291161 0.172026
42 7.254962 0.109385
54 8.117939 0.076446
70 9.168640 0.049714
91 10.171332 0.022334
118 11.150913 0.014630
153 12.159146 0.007805
198 13.138213 0.004517
257 14.141846 0.002786
334 15.136083 0.001999
434 16.136164 0.001098
