1 0.000000 0.000000
2 0.070597 0.077941
3 0.149062 0.169753
4 0.253557 0.294838
5 0.280220 0.300326
6 0.515389 0.576452
7 0.571082 0.548227
8 0.613449 0.510985
9 0.752454 0.673115
10 1.004058 0.815629
13 1.376068 0.773319
16 2.129188 0.733761
20 2.522886 0.745388
26 3.416490 0.650995
33 4.174210 0.456572
42 5.252399 0.288156
54 6.168997 0.184490
70 7.264206 0.101223
91 8.269178 0.064259
118 9.309581 0.038466
153 10.339587 0.025159
198 11.354704 0.012067
257 12.374162 0.007625
334 13.401757 0.005025
434 14.438426 0.002643
564 15.471297 0.001404
733 16.502425 0.001017
952 17.532791 0.000614
