1 0.000000 0.000000
2 0.115358 0.108485
3 0.510629 0.542415
4 0.838397 0.888397
5 1.236828 1.145444
6 1.497215 1.191408
7 1.862638 1.309882
8 2.359331 1.341515
9 2.580705 1.226226
10 2.999545 1.049588
12 3.539210 0.898051
14 4.127685 0.675103
16 4.376526 0.654862
19 5.123544 0.480857
22 5.654765 0.369602
26 6.292072 0.229613
31 6.912258 0.178406
37 7.573876 0.107061
44 8.188162 0.084245
52 8.823994 0.049948
62 9.427025 0.038575
74 10.081040 0.025393
88 10.686987 0.018383
105 11.338465 0.012513
126 12.001523 0.008940
151 12.651109 0.006768
181 13.308356 0.004108
217 13.978017 0.003099
260 14.624408 0.002263
312 15.285881 0.001442
374 15.943105 0.001316
