1 0.000000 0.000000
2 0.002812 0.001573
3 0.000000 0.000000
4 0.006608 0.006406
5 0.018987 0.018849
6 0.028660 0.035982
7 0.045975 0.057684
8 0.028612 0.028345
9 0.058501 0.059226
10 0.018360 0.019718
13 0.079163 0.090271
16 0.135211 0.154036
20 0.224651 0.239223
26 0.345647 0.369197
33 0.493263 0.465087
42 0.814845 0.655823
54 1.119300 0.777884
70 1.763191 0.877071
91 2.575031 0.812271
118 3.465153 0.707540
153 4.370988 0.383907
198 5.348888 0.191721
257 6.271295 0.129176
334 7.377060 0.092397
