1 0.000000 0.000000
2 0.009743 0.006291
3 0.010185 0.011001
4 0.019695 0.020179
5 0.029294 0.039537
6 0.030380 0.035058
7 0.024786 0.026416
8 0.084885 0.100048
9 0.100436 0.110763
10 0.072194 0.082395
13 0.150428 0.143869
16 0.179984 0.219404
20 0.276704 0.269053
26 0.574173 0.511283
33 0.879069 0.662336
42 1.174831 0.838512
54 1.722059 0.896470
70 2.462777 0.639263
91 3.247756 0.497491
118 4.208375 0.387114
153 5.126526 0.295960
198 6.164207 0.149884
257 7.127779 0.094869
334 8.174530 0.053990
