1 0.000000 0.000000
2 0.016096 0.011312
3 0.155469 0.175091
4 0.126752 0.129968
5 0.266514 0.307532
6 0.291351 0.328531
7 0.445807 0.499920
8 0.484448 0.481209
9 0.550859 0.454182
10 0.830249 0.632578
13 0.981784 0.796188
16 1.396603 0.907106
20 1.984333 0.771069
26 2.706390 0.879471
33 3.397086 0.625394
42 4.426871 0.384715
54 5.284623 0.294140
70 6.319715 0.153156
91 7.301392 0.115539
118 8.348794 0.059130
153 9.381140 0.029739
198 10.410771 0.019579
257 11.463349 0.012510
334 12.496501 0.006945
434 13.536699 0.004512
564 14.577472 0.002491
733 15.621582 0.001254
952 16.657080 0.000791
