1 0.000000 0.000000
2 0.008390 0.004746
3 0.026203 0.027873
4 0.034916 0.035718
5 0.082658 0.101679
6 0.116207 0.129323
7 0.122340 0.129561
8 0.216400 0.218146
10 0.321220 0.382721
13 0.573304 0.529221
16 0.734317 0.618044
20 1.004555 0.718702
26 1.521001 0.936477
33 2.059452 0.766469
42 2.803840 0.807559
54 3.666269 0.351923
70 4.586506 0.401590
91 5.560311 0.213105
118 6.597458 0.135821
153 7.590026 0.074012
198 8.646721 0.047078
257 9.679200 0.025201
334 10.725215 0.017557
434 11.767941 0.012469
564 12.812977 0.004880
733 13.865478 0.004037
