1 0.000000 0.000000
2 0.170229 0.188181
3 0.686469 0.633297
4 1.253123 0.943167
5 1.663826 1.164586
6 2.105291 1.128066
7 2.484232 1.134906
8 3.051813 1.102299
9 3.367434 1.089093
10 3.773018 1.011431
12 4.405132 0.892324
14 5.062654 0.501585
16 5.403522 0.410508
19 6.053403 0.378888
22 6.634362 0.230649
26 7.162654 0.167843
31 7.662533 0.147383
37 8.270543 0.092923
44 8.821937 0.063504
52 9.316266 0.062925
62 9.806002 0.054650
74 10.352169 0.048823
88 10.876207 0.049525
105 11.325341 0.047190
126 11.809040 0.041861
151 12.276715 0.041818
181 12.748403 0.039512
217 13.202395 0.031186
260 13.671074 0.038067
312 14.115770 0.035625
374 14.522707 0.024361
