1 0.000000 0.000000
2 0.507030 0.334713
3 1.681511 0.401050
4 2.393558 0.330400
5 3.040858 0.237401
6 3.595356 0.188355
7 3.995438 0.143797
8 4.389419 0.151225
9 4.685191 0.129944
10 4.908665 0.126106
11 5.202889 0.110406
12 5.320615 0.118542
13 5.561632 0.107823
14 5.700141 0.112358
15 5.869070 0.115340
16 5.981637 0.126061
17 6.134339 0.118308
18 6.188842 0.138021
19 6.266203 0.123390
20 6.363884 0.130003
22 6.476121 0.140114
24 6.650433 0.127904
26 6.764001 0.146331
28 6.789073 0.128955
30 6.863790 0.137115
33 6.975518 0.139281
36 6.984900 0.137532
39 7.036530 0.142327
42 7.108739 0.126160
46 7.122098 0.123242
50 7.182283 0.103580
55 7.207908 0.112028
60 7.234096 0.096569
66 7.224349 0.077567
72 7.261139 0.078587
79 7.215564 0.066389
86 7.246287 0.057834
94 7.256648 0.048190
103 7.245313 0.042701
113 7.271946 0.037334
124 7.249377 0.030853
136 7.283419 0.058425
149 7.261550 0.032454
163 7.265839 0.018383
179 7.259592 0.015705
196 7.262085 0.017020
