1 0.000000 0.000000
2 0.221845 0.203952
3 0.574560 0.616973
4 1.001562 0.883546
5 1.377100 1.119904
6 1.891317 1.193888
7 2.243910 1.380426
8 2.663118 1.158400
9 2.999350 1.022259
10 3.220708 1.085778
12 4.023769 0.937301
14 4.497673 0.758782
16 5.078172 0.510335
19 5.743984 0.486446
22 6.132154 0.351730
26 6.686843 0.211960
31 7.298163 0.182720
37 7.883637 0.087572
44 8.476384 0.070391
52 9.047368 0.052733
62 9.610383 0.038383
74 10.206804 0.023961
88 10.769431 0.021132
105 11.329762 0.016900
126 11.939247 0.014493
151 12.526949 0.013031
181 13.104625 0.012784
217 13.716358 0.008029
260 14.292480 0.008366
312 14.918075 0.008841
374 15.493543 0.009786
