1 0.000000 0.000000
2 0.016901 0.014510
3 0.061755 0.062020
4 0.125334 0.165246
5 0.144379 0.145538
6 0.203847 0.222571
7 0.253588 0.278233
8 0.354976 0.324746
9 0.259898 0.259953
10 0.466113 0.434168
13 0.717575 0.705385
16 0.938037 0.712379
20 1.447699 0.703228
26 2.047928 0.774444
33 2.698220 0.749664
42 3.582987 0.524956
54 4.432995 0.386810
70 5.434525 0.212094
91 6.440428 0.121591
118 7.442163 0.084846
153 8.495272 0.053750
198 9.509977 0.039122
257 10.564993 0.020298
334 11.606546 0.011972
434 12.652095 0.006103
564 13.703189 0.003161
733 14.738972 0.002308
952 15.778263 0.001376
