1 0.000000 0.000000
2 0.291356 0.182182
3 1.214129 0.664645
4 1.958238 0.726229
5 2.714494 0.501230
6 3.306730 0.419810
7 3.707741 0.377913
8 4.195415 0.277955
9 4.612874 0.218786
10 4.904618 0.166291
11 5.192058 0.162829
12 5.481749 0.140308
13 5.708942 0.110874
14 5.944639 0.104405
15 6.163381 0.098945
16 6.383655 0.097488
17 6.514450 0.084867
18 6.700866 0.085040
19 6.821624 0.086368
20 6.983596 0.081083
22 7.195886 0.075122
24 7.490761 0.077006
26 7.691492 0.071811
28 7.879634 0.084856
30 8.009890 0.070310
33 8.272128 0.076397
36 8.454606 0.072283
39 8.642081 0.069730
42 8.810767 0.082354
46 8.978160 0.085389
50 9.148238 0.074892
55 9.344101 0.088644
60 9.436839 0.091282
66 9.620597 0.085790
72 9.737691 0.097172
79 9.893696 0.100845
86 9.955300 0.120307
94 10.074648 0.095870
103 10.175307 0.112423
113 10.272529 0.102543
124 10.337886 0.111494
136 10.330349 0.094920
149 10.433095 0.109926
163 10.433963 0.095058
179 10.489673 0.093320
196 10.556901 0.084769
215 10.573252 0.085714
236 10.598879 0.072570
259 10.601040 0.060811
284 10.588904 0.060306
312 10.588190 0.048497
