1 0.000000 0.000000
2 0.098729 0.103021
3 0.774595 0.690722
4 1.367326 0.924526
5 2.046025 1.077629
6 2.371604 1.048856
7 3.054935 0.914676
8 3.507934 0.752165
9 3.855800 0.865211
10 4.329445 0.588048
12 4.845627 0.546325
14 5.486941 0.309316
16 5.907879 0.228367
19 6.577239 0.169872
22 7.032590 0.114595
26 7.561356 0.091873
31 8.117682 0.068750
37 8.646439 0.063892
44 9.178987 0.056458
52 9.633697 0.065445
62 10.143404 0.055531
74 10.616181 0.051177
88 11.082617 0.063852
105 11.479019 0.063092
126 11.934467 0.060370
151 12.381933 0.065718
181 12.757932 0.065082
217 13.131475 0.065216
260 13.483731 0.074373
312 13.815286 0.067857
374 14.044722 0.074149
