1 0.000000 0.000000
2 0.084955 0.070792
3 0.233612 0.298699
4 0.389397 0.491798
5 0.570816 0.577050
6 0.716352 0.708234
7 0.964234 0.878599
8 1.133231 0.845950
9 1.130017 0.912021
10 1.510256 0.894375
13 2.071951 0.967289
16 2.694550 0.778835
20 3.349409 0.622126
26 4.375734 0.461276
33 5.309510 0.302737
42 6.180098 0.161631
54 7.130052 0.099848
70 8.213367 0.060212
91 9.208425 0.045411
118 10.233807 0.023167
153 11.258744 0.012759
198 12.262158 0.007249
257 13.285195 0.004364
334 14.304331 0.003087
434 15.324382 0.001559
