1 0.000000 0.000000
4 0.347165 0.132103
7 0.560277 0.149448
10 0.724412 0.138278
13 0.843443 0.122510
16 0.926138 0.108006
19 1.001599 0.096919
22 1.059236 0.089011
25 1.109640 0.082118
28 1.145952 0.076069
31 1.173308 0.071070
34 1.201279 0.066350
37 1.224546 0.063641
40 1.243255 0.061238
43 1.255634 0.057583
46 1.272048 0.056021
49 1.283842 0.052823
52 1.297363 0.052024
55 1.302876 0.050536
58 1.316445 0.048307
61 1.321841 0.046051
64 1.327975 0.045099
67 1.338710 0.043914
70 1.343346 0.042229
73 1.348159 0.040683
76 1.353188 0.039263
79 1.356252 0.038502
82 1.363670 0.037058
85 1.366880 0.036108
88 1.369820 0.035348
91 1.374486 0.034487
94 1.380358 0.033941
97 1.384932 0.032926
100 1.384383 0.032419
