1 0.000000 0.000000
2 0.003602 0.002483
18 0.046291 0.025133
34 0.079748 0.041763
48 0.113361 0.057081
61 0.137860 0.066711
73 0.164373 0.076544
86 0.194722 0.087374
99 0.220490 0.096320
112 0.243068 0.105651
125 0.264356 0.108909
139 0.297437 0.116671
154 0.312706 0.121086
169 0.346667 0.127754
184 0.360557 0.130609
201 0.390525 0.133894
218 0.424162 0.138891
236 0.440043 0.140902
255 0.477296 0.143146
275 0.502883 0.143451
296 0.512539 0.145361
318 0.552737 0.144995
341 0.578572 0.142876
366 0.608597 0.145843
393 0.637500 0.143527
421 0.663841 0.140929
451 0.678485 0.138842
483 0.716955 0.139827
517 0.737352 0.136980
554 0.770610 0.133421
594 0.804407 0.127316
637 0.831381 0.119910
683 0.854116 0.119004
734 0.889622 0.112551
789 0.909561 0.110882
850 0.940669 0.106432
917 0.962344 0.101331
990 0.998688 0.095898
1073 1.025972 0.091101
1165 1.048213 0.087677
1270 1.073519 0.083484
1389 1.097759 0.079947
1526 1.124392 0.074579
1687 1.152519 0.070780
1877 1.173079 0.065893
2107 1.195098 0.061631
2392 1.222470 0.057586
2756 1.244339 0.052325
3243 1.266822 0.045776
3937 1.285080 0.039836
