1 0.000000 0.000000
2 0.022808 0.015289
5 0.080760 0.044357
7 0.118497 0.060271
9 0.148737 0.072632
11 0.180690 0.084850
13 0.203788 0.093002
15 0.235788 0.102235
17 0.264102 0.109296
19 0.287685 0.116793
22 0.330986 0.124570
24 0.347767 0.128833
26 0.381747 0.134266
28 0.399544 0.136271
31 0.432810 0.140185
33 0.456796 0.142477
36 0.488759 0.143867
39 0.523375 0.146992
42 0.539683 0.147163
45 0.561870 0.144531
48 0.588221 0.144338
52 0.629836 0.146669
56 0.658695 0.140888
60 0.671983 0.140909
64 0.715634 0.135732
68 0.740824 0.135012
73 0.759642 0.132912
79 0.798171 0.127586
84 0.821785 0.123309
91 0.853002 0.121704
98 0.886418 0.115460
105 0.909906 0.111590
114 0.944146 0.105698
123 0.969230 0.100847
133 0.998733 0.096601
145 1.019904 0.092847
159 1.054662 0.087371
174 1.076996 0.082550
192 1.110850 0.079190
214 1.139267 0.073650
240 1.165362 0.068458
272 1.195057 0.063599
313 1.222111 0.058015
368 1.250720 0.052329
446 1.275350 0.045347
566 1.302362 0.039060
777 1.331493 0.029400
1242 1.357742 0.019526
2606 1.381802 0.009652
