1 0.000000 0.000000
2 0.000000 0.000000
3 0.003168 0.002007
4 0.000000 0.000000
5 0.000000 0.000000
6 0.000000 0.000000
7 0.002843 0.001158
8 0.002185 0.000880
9 0.005840 0.003313
10 0.000198 0.000099
12 0.004058 0.002254
14 0.005118 0.002762
16 0.004284 0.002818
19 0.004601 0.002938
22 0.003972 0.002674
26 0.004352 0.002631
31 0.005701 0.003194
37 0.018332 0.010444
44 0.008623 0.004163
52 0.015779 0.008507
62 0.016203 0.008875
74 0.023022 0.011936
88 0.034547 0.019579
105 0.030761 0.017084
126 0.028770 0.016505
151 0.038616 0.019963
181 0.055296 0.030669
217 0.071154 0.035985
260 0.076235 0.041313
312 0.087357 0.046349
374 0.096773 0.047334
448 0.132092 0.066118
537 0.161554 0.077369
644 0.202319 0.089664
772 0.205774 0.088199
926 0.243940 0.101075
1111 0.278400 0.119412
1333 0.314768 0.125205
1599 0.398633 0.129841
1918 0.403015 0.132827
2301 0.534204 0.140166
2761 0.589509 0.151886
3313 0.658595 0.140295
3975 0.697619 0.139881
4770 0.796208 0.124434
5724 0.876902 0.116419
6868 0.948294 0.100857
8241 1.020756 0.091651
9889 1.066900 0.087074
11866 1.100490 0.080305
14239 1.164521 0.070678
17086 1.201911 0.061921
