1 0.000000 0.000000
4 0.482507 0.145674
7 0.736934 0.136670
10 0.904625 0.113565
13 1.025853 0.095565
16 1.106127 0.081091
19 1.178585 0.071669
22 1.222388 0.065779
25 1.250323 0.060089
28 1.282807 0.056082
31 1.304515 0.053338
34 1.323510 0.051335
37 1.337119 0.047861
40 1.351292 0.044588
43 1.362094 0.043108
46 1.373293 0.040554
49 1.384515 0.038747
52 1.386417 0.037134
55 1.400747 0.035264
58 1.400895 0.034741
61 1.417080 0.032953
64 1.416741 0.031961
67 1.422323 0.030733
70 1.422626 0.029518
73 1.428619 0.028448
76 1.429264 0.028014
79 1.435534 0.026717
82 1.439204 0.025750
85 1.439991 0.025206
88 1.446262 0.024436
91 1.444033 0.023795
94 1.445225 0.023376
97 1.452810 0.022440
100 1.452564 0.022105
