1 0.000000 0.000000
2 0.000139 0.000096
3 0.000374 0.000238
4 0.010742 0.006221
5 0.006617 0.004410
6 0.001724 0.000774
7 0.001097 0.000706
8 0.013112 0.007459
9 0.009482 0.005162
10 0.011110 0.006654
12 0.011184 0.006510
14 0.015152 0.009130
16 0.010653 0.005491
19 0.032275 0.017849
22 0.028554 0.015371
26 0.028643 0.015058
31 0.025781 0.012788
37 0.034968 0.018896
44 0.029321 0.015466
52 0.043956 0.024108
62 0.066937 0.034540
74 0.064102 0.033214
88 0.079348 0.041954
105 0.102220 0.053401
126 0.112695 0.057495
151 0.128853 0.060490
181 0.197934 0.089784
217 0.229184 0.097873
260 0.219955 0.093405
312 0.282895 0.114247
374 0.344660 0.123983
448 0.374521 0.136174
537 0.430198 0.136792
644 0.480636 0.141640
772 0.547716 0.142671
926 0.609694 0.145938
1111 0.659809 0.148859
1333 0.762484 0.131644
1599 0.855751 0.117254
1918 0.924503 0.106345
2301 0.977065 0.100102
2761 1.037409 0.091207
3313 1.102624 0.078585
3975 1.157337 0.070996
4770 1.181309 0.063236
5724 1.220129 0.058853
6868 1.246949 0.051186
8241 1.269996 0.045170
9889 1.291687 0.038563
11866 1.305602 0.033705
14239 1.315462 0.028980
17086 1.327097 0.024353
20503 1.341603 0.020672
24603 1.346005 0.017483
