1 0.000000 0.000000
2 0.129655 0.073060
3 0.253476 0.111890
4 0.361058 0.131291
5 0.441392 0.145463
6 0.551783 0.148536
7 0.600488 0.148851
8 0.671655 0.145303
9 0.713658 0.138328
10 0.777353 0.132412
12 0.843830 0.122835
14 0.930902 0.106101
16 0.961412 0.105373
19 1.046649 0.087885
22 1.096031 0.082528
26 1.147467 0.074099
31 1.203501 0.066395
37 1.255417 0.057888
44 1.289651 0.053545
52 1.321441 0.047824
62 1.345726 0.042300
74 1.367583 0.037362
88 1.391249 0.031989
105 1.403690 0.028398
126 1.422249 0.023939
151 1.432428 0.020581
181 1.443272 0.017674
217 1.450589 0.014522
260 1.456899 0.012333
312 1.461626 0.010296
