1 0.000000 0.000000
2 0.044401 0.028805
3 0.061807 0.036302
4 0.089154 0.048204
5 0.126050 0.062034
6 0.123677 0.062375
7 0.137904 0.067210
8 0.177214 0.085248
9 0.200609 0.088912
10 0.242037 0.104404
12 0.274798 0.109668
14 0.342534 0.128693
16 0.331655 0.123720
19 0.358124 0.128858
22 0.444049 0.140963
26 0.526692 0.141102
31 0.554246 0.139630
37 0.657355 0.144666
44 0.722609 0.137809
52 0.803145 0.130413
62 0.870392 0.113733
74 0.925500 0.108276
88 1.003381 0.096249
105 1.023294 0.094063
126 1.112043 0.079806
151 1.163211 0.070581
181 1.195900 0.062973
217 1.238908 0.055273
260 1.269000 0.048958
312 1.286491 0.044415
374 1.309380 0.038234
448 1.326826 0.033155
537 1.339848 0.028830
644 1.351143 0.024951
772 1.362562 0.020739
926 1.369806 0.017586
1111 1.376936 0.014751
1333 1.379778 0.012275
