1 0.000000 0.000000
2 0.011858 0.008079
3 0.007906 0.004974
4 0.018243 0.010692
5 0.031952 0.018011
6 0.038737 0.022071
7 0.023149 0.012271
8 0.039935 0.023082
9 0.040608 0.022314
10 0.041268 0.022829
12 0.061195 0.032111
14 0.079994 0.042936
16 0.093026 0.047903
19 0.095985 0.053207
22 0.118434 0.063275
26 0.087562 0.046096
31 0.173511 0.079139
37 0.184263 0.083920
44 0.240728 0.103390
52 0.246381 0.106286
62 0.237566 0.107379
74 0.335892 0.127919
88 0.354000 0.130321
105 0.444900 0.146127
126 0.495167 0.150804
151 0.574672 0.140374
181 0.605940 0.138026
217 0.707988 0.131962
260 0.746931 0.134660
312 0.841930 0.122522
374 0.927148 0.106205
448 0.987983 0.101495
537 1.042926 0.089257
644 1.112383 0.076939
772 1.148186 0.074901
926 1.183544 0.063807
1111 1.220503 0.058618
1333 1.253734 0.050793
1599 1.265960 0.045618
1918 1.289868 0.039733
2301 1.303933 0.034911
2761 1.323071 0.028530
3313 1.334761 0.024809
3975 1.342311 0.020561
4770 1.354054 0.017719
5724 1.356824 0.014966
