1 0.000000 0.000000
2 0.000407 0.000282
3 0.000000 0.000000
4 0.001554 0.000907
5 0.001688 0.001099
6 0.002319 0.001327
7 0.008904 0.005259
8 0.001068 0.000661
9 0.002844 0.001802
10 0.013648 0.008621
12 0.004551 0.002510
14 0.006245 0.003519
16 0.005903 0.003676
19 0.007003 0.004178
22 0.006053 0.003222
26 0.008362 0.004628
31 0.012511 0.006660
37 0.013563 0.008000
44 0.027202 0.015654
52 0.012297 0.006193
62 0.020640 0.011577
74 0.023026 0.011607
88 0.038673 0.020131
105 0.065218 0.035504
126 0.045430 0.024648
151 0.064786 0.035846
181 0.089712 0.046866
217 0.098433 0.050748
260 0.108953 0.055130
312 0.131250 0.064009
374 0.155929 0.074831
448 0.197080 0.092412
537 0.232402 0.102289
644 0.270944 0.111710
772 0.269378 0.107941
926 0.358405 0.131371
1111 0.409323 0.131901
1333 0.479736 0.141289
1599 0.516958 0.146526
1918 0.579594 0.144602
2301 0.664333 0.144906
2761 0.717235 0.134687
3313 0.803240 0.129161
3975 0.890103 0.114030
4770 0.971580 0.104314
5724 1.033598 0.089442
6868 1.073804 0.078694
8241 1.116528 0.077312
9889 1.171960 0.069060
11866 1.199288 0.061307
14239 1.234454 0.053830
