1 0.000000 0.000000
2 0.113823 0.065940
5 0.384838 0.135522
7 0.499224 0.144994
9 0.577580 0.148928
11 0.725603 0.138152
13 0.762670 0.131519
15 0.840772 0.123740
17 0.889488 0.120061
19 0.933968 0.106911
22 0.982540 0.100427
24 1.028591 0.093476
26 1.053489 0.091057
28 1.087804 0.083632
31 1.123657 0.079833
33 1.147903 0.073522
36 1.168005 0.069576
39 1.190781 0.068945
42 1.205377 0.064744
45 1.230082 0.061984
48 1.236373 0.061302
52 1.253894 0.058718
56 1.268340 0.056614
60 1.290009 0.052289
64 1.301167 0.049262
68 1.313737 0.048378
73 1.321491 0.045931
79 1.330724 0.043355
84 1.338344 0.041326
91 1.350777 0.038927
98 1.355046 0.037127
105 1.364088 0.035514
114 1.371211 0.031997
123 1.378558 0.030806
133 1.387625 0.029091
145 1.392989 0.027249
159 1.398563 0.025040
174 1.407124 0.023090
192 1.411877 0.020782
214 1.415227 0.019189
240 1.422302 0.017344
272 1.431175 0.015214
313 1.435884 0.013427
368 1.440767 0.011666
446 1.445019 0.009591
566 1.450636 0.007552
777 1.454766 0.005577
1242 1.460913 0.003511
2606 1.466387 0.001687
