1 0.000000 0.000000
2 0.212012 0.102006
3 0.352051 0.133798
4 0.498380 0.149133
5 0.594403 0.147448
6 0.661449 0.142713
7 0.762024 0.134390
8 0.808550 0.129230
9 0.860563 0.117645
10 0.905671 0.112977
12 0.987733 0.098309
14 1.057938 0.087294
16 1.102270 0.082187
19 1.170960 0.071114
22 1.215519 0.066640
26 1.256853 0.058848
31 1.307046 0.052307
37 1.334403 0.046509
44 1.363013 0.041476
52 1.388282 0.038101
62 1.408637 0.033400
74 1.428268 0.028040
88 1.444991 0.024464
105 1.457479 0.021033
126 1.468881 0.017658
151 1.478403 0.014928
181 1.484080 0.012732
217 1.488603 0.010651
