1 0.000000 0.000000
2 0.065547 0.041137
3 0.139119 0.072809
4 0.211665 0.095232
5 0.244609 0.105248
6 0.295994 0.118612
7 0.341892 0.126355
8 0.383043 0.141464
9 0.454209 0.143752
10 0.460006 0.143297
12 0.542096 0.145315
14 0.590838 0.146258
16 0.654305 0.141490
19 0.743861 0.127310
22 0.784499 0.130299
26 0.859493 0.119838
31 0.954100 0.108956
37 0.991646 0.099428
44 1.038819 0.087102
52 1.111180 0.080902
62 1.145391 0.075409
74 1.196830 0.064645
88 1.247281 0.057221
105 1.273160 0.051279
126 1.296543 0.046313
151 1.323295 0.040002
181 1.343055 0.034666
217 1.357350 0.030028
260 1.373676 0.025852
312 1.379912 0.022062
374 1.394694 0.018683
448 1.400275 0.015572
537 1.405233 0.013414
