1 0.000000 0.000000
2 0.063394 0.039923
3 0.099627 0.054552
4 0.128572 0.068105
5 0.161799 0.077953
6 0.220436 0.099799
7 0.231672 0.102582
8 0.275879 0.113260
9 0.320447 0.121963
10 0.358104 0.128531
12 0.380583 0.133585
14 0.425853 0.142957
16 0.488043 0.152225
19 0.527286 0.144099
22 0.634071 0.147275
26 0.650545 0.141156
31 0.764252 0.132812
37 0.808859 0.123221
44 0.905328 0.113646
52 0.959404 0.100498
62 1.021847 0.092812
74 1.058229 0.086434
88 1.128091 0.077651
105 1.185334 0.067388
126 1.212977 0.062019
151 1.252913 0.053544
181 1.280862 0.049466
217 1.305502 0.041949
260 1.327682 0.036954
312 1.334621 0.031659
374 1.353881 0.027110
448 1.367047 0.023022
537 1.377087 0.019259
644 1.386043 0.016344
772 1.386757 0.014029
