1 0.000000 0.000000
2 0.000000 0.000000
3 0.001117 0.000710
4 0.004815 0.003010
5 0.003844 0.002277
6 0.011292 0.006585
7 0.012362 0.006371
8 0.021921 0.012080
9 0.025194 0.013584
10 0.025042 0.012734
12 0.028488 0.016420
14 0.045321 0.025867
16 0.039339 0.020597
19 0.049730 0.023394
22 0.059226 0.031894
26 0.059578 0.032791
31 0.064245 0.035700
37 0.074297 0.037744
44 0.103985 0.052817
52 0.107034 0.053559
62 0.163692 0.078877
74 0.125732 0.064918
88 0.173989 0.081382
105 0.217455 0.097006
126 0.272363 0.111317
151 0.296842 0.115136
181 0.373028 0.129631
217 0.361221 0.125023
260 0.462902 0.142895
312 0.530334 0.145888
374 0.582504 0.147764
448 0.644037 0.146490
537 0.742384 0.132850
644 0.789852 0.131238
772 0.882973 0.114628
926 0.946838 0.106235
1111 0.996234 0.096379
1333 1.067243 0.085976
1599 1.117949 0.077005
1918 1.159269 0.068628
2301 1.194404 0.062066
2761 1.230312 0.053000
3313 1.263245 0.048315
3975 1.261825 0.043237
