1 0.000000 0.000000
2 0.000000 0.000000
3 0.000000 0.000000
4 0.010634 0.006251
5 0.005241 0.003018
6 0.005916 0.003514
7 0.005498 0.003292
8 0.003621 0.001799
9 0.009703 0.005147
10 0.019574 0.011526
12 0.028260 0.016785
14 0.013297 0.007079
16 0.019112 0.010094
19 0.032341 0.017166
22 0.030546 0.017695
26 0.045042 0.024657
31 0.048560 0.025097
37 0.049881 0.027671
44 0.091480 0.048436
52 0.080196 0.042911
62 0.097464 0.051471
74 0.111851 0.055312
88 0.126152 0.064118
105 0.148558 0.076048
126 0.165987 0.078137
151 0.188283 0.083142
181 0.242918 0.100221
217 0.273638 0.109305
260 0.319408 0.126308
312 0.376937 0.132880
374 0.480706 0.136708
448 0.508097 0.141747
537 0.534259 0.141951
644 0.618518 0.147136
772 0.750347 0.136122
926 0.752883 0.133551
1111 0.863149 0.117881
1333 0.936251 0.110711
1599 0.993349 0.095546
1918 1.070035 0.083049
2301 1.113161 0.076778
2761 1.149188 0.071000
3313 1.202252 0.063689
3975 1.223085 0.056696
4770 1.250969 0.049507
5724 1.272984 0.043162
6868 1.287691 0.037374
8241 1.312321 0.031413
9889 1.326941 0.027666
11866 1.332495 0.023673
14239 1.343367 0.020333
17086 1.348532 0.016919
20503 1.359754 0.014239
24603 1.365349 0.012016
29523 1.367830 0.010028
