1 0.000000 0.000000
2 0.000000 0.000000
3 0.000127 0.000081
4 0.000000 0.000000
5 0.003365 0.002253
6 0.002323 0.001605
7 0.005647 0.003644
8 0.002265 0.001322
9 0.001325 0.000855
10 0.003398 0.002275
12 0.000611 0.000388
14 0.010468 0.006331
16 0.004737 0.002404
19 0.001977 0.001335
22 0.005773 0.003426
26 0.002682 0.001437
31 0.010203 0.005622
37 0.008568 0.004953
44 0.010893 0.006528
52 0.010868 0.006363
62 0.014643 0.007977
74 0.008818 0.005225
88 0.016354 0.008347
105 0.010622 0.004541
126 0.023000 0.013786
151 0.030592 0.016673
181 0.041209 0.023242
217 0.042529 0.022204
260 0.046159 0.023812
312 0.045546 0.024409
374 0.079797 0.041214
448 0.097937 0.049673
537 0.110457 0.057396
644 0.123131 0.062342
772 0.152577 0.071584
926 0.182223 0.084959
1111 0.193190 0.084746
1333 0.232531 0.099086
1599 0.289402 0.115729
1918 0.325146 0.123508
2301 0.371496 0.130187
2761 0.434377 0.142128
3313 0.503932 0.146178
3975 0.541516 0.138580
4770 0.664903 0.139460
5724 0.684758 0.134948
6868 0.784997 0.128145
8241 0.866465 0.117003
9889 0.923400 0.108601
11866 0.985787 0.096321
14239 1.043359 0.090055
17086 1.100799 0.080241
20503 1.147935 0.070698
24603 1.178370 0.064578
29523 1.220914 0.056498
