1 0.000000 0.000000
2 0.008570 0.005867
3 0.002667 0.001690
4 0.016153 0.010523
5 0.016913 0.009879
6 0.020444 0.011544
7 0.021834 0.012537
8 0.026375 0.015782
9 0.032252 0.017833
10 0.034221 0.019252
12 0.038908 0.021967
14 0.048530 0.023570
16 0.043616 0.024958
19 0.068003 0.036879
22 0.077008 0.041286
26 0.092893 0.048826
31 0.132841 0.065533
37 0.125243 0.059915
44 0.129503 0.064942
52 0.146722 0.069829
62 0.154108 0.068939
74 0.219172 0.096593
88 0.241583 0.099549
105 0.287475 0.114531
126 0.346064 0.125656
151 0.417558 0.137521
181 0.457382 0.145542
217 0.533518 0.146316
260 0.630667 0.142994
312 0.676482 0.137579
374 0.738043 0.140841
448 0.828202 0.122496
537 0.913591 0.111991
644 0.979814 0.101180
772 1.040508 0.091969
926 1.080900 0.086422
1111 1.119839 0.076849
1333 1.184646 0.065325
1599 1.205508 0.060302
1918 1.231874 0.053087
2301 1.267552 0.046644
2761 1.282210 0.040153
3313 1.298970 0.035316
3975 1.323274 0.029650
4770 1.329186 0.025558
5724 1.338050 0.021687
6868 1.351640 0.018779
8241 1.354703 0.015744
