1 0.000000 0.000000
2 0.021192 0.014240
3 0.024493 0.015062
4 0.054798 0.032364
5 0.050551 0.028185
6 0.053970 0.028573
7 0.083240 0.042572
8 0.076213 0.039920
9 0.083858 0.042402
10 0.097736 0.051945
12 0.124135 0.064146
14 0.148227 0.070652
16 0.199670 0.094860
19 0.175979 0.079054
22 0.260423 0.109557
26 0.239774 0.099385
31 0.298742 0.118801
37 0.346498 0.122080
44 0.393294 0.133241
52 0.439857 0.144149
62 0.548326 0.144507
74 0.572207 0.150493
88 0.662526 0.143981
105 0.754234 0.130949
126 0.809142 0.123938
151 0.859155 0.114990
181 0.940265 0.108845
217 1.017854 0.095813
260 1.066759 0.084908
312 1.133758 0.075285
374 1.167274 0.068329
448 1.192937 0.063290
537 1.227875 0.053581
644 1.262401 0.048750
772 1.286306 0.042063
926 1.304867 0.036594
1111 1.317529 0.031404
1333 1.333552 0.026713
1599 1.343384 0.022493
1918 1.350776 0.019303
2301 1.357066 0.016298
2761 1.368294 0.013764
3313 1.372738 0.011598
