1 0.000000 0.000000
2 0.000000 0.000000
3 0.000252 0.000160
4 0.002644 0.001726
5 0.001772 0.001189
6 0.007935 0.004244
7 0.002096 0.001219
8 0.007491 0.004205
9 0.010808 0.007197
10 0.000909 0.000445
12 0.007595 0.004834
14 0.008455 0.004392
16 0.007131 0.004194
19 0.007542 0.004261
22 0.018868 0.010334
26 0.021428 0.010643
31 0.023452 0.013415
37 0.018234 0.010272
44 0.030268 0.015949
52 0.033331 0.017457
62 0.025782 0.013650
74 0.054148 0.029490
88 0.058570 0.029870
105 0.087275 0.045811
126 0.099416 0.047452
151 0.102849 0.050584
181 0.116030 0.058028
217 0.132231 0.064574
260 0.138155 0.063394
312 0.206118 0.094404
374 0.244720 0.102825
448 0.250226 0.104784
537 0.333947 0.127408
644 0.403879 0.133170
772 0.431877 0.137478
926 0.472814 0.143276
1111 0.562359 0.143677
1333 0.601375 0.145929
1599 0.676434 0.140890
1918 0.756938 0.128151
2301 0.802141 0.130123
2761 0.895268 0.112502
3313 0.962250 0.103608
3975 1.027195 0.088631
4770 1.083000 0.079435
5724 1.138563 0.073656
6868 1.160320 0.069509
8241 1.204911 0.061272
9889 1.239023 0.053915
11866 1.262409 0.045722
14239 1.286864 0.040347
17086 1.294317 0.034604
20503 1.312620 0.028822
24603 1.330797 0.025317
