1 0.000000 0.000000
2 0.020275 0.013642
3 0.036206 0.022314
4 0.066269 0.038040
5 0.086830 0.047876
6 0.087084 0.047206
7 0.134071 0.067392
8 0.120578 0.060067
9 0.148486 0.069912
10 0.156778 0.075657
12 0.210917 0.097244
14 0.218229 0.098487
16 0.271552 0.108493
19 0.295967 0.116988
22 0.312482 0.121857
26 0.377685 0.133135
31 0.412840 0.141043
37 0.457459 0.139546
44 0.545764 0.150723
52 0.590031 0.142171
62 0.672885 0.140804
74 0.758471 0.131174
88 0.869757 0.116306
105 0.906760 0.106882
126 0.975028 0.098452
151 1.035223 0.090985
181 1.078589 0.086191
217 1.138372 0.073835
260 1.177025 0.067061
312 1.226113 0.058706
374 1.247869 0.053932
448 1.269296 0.046633
537 1.293319 0.040663
644 1.317060 0.034591
772 1.329865 0.029926
926 1.341382 0.025504
1111 1.349142 0.021431
1333 1.357843 0.018464
1599 1.363466 0.015820
1918 1.371817 0.013018
2301 1.375083 0.010976
