1 0.000000 0.000000
2 0.009236 0.006317
3 0.010255 0.006431
4 0.027706 0.015451
5 0.027681 0.014499
6 0.052871 0.031603
7 0.060965 0.031782
8 0.065286 0.036247
9 0.068710 0.036192
10 0.084900 0.045125
12 0.104395 0.053585
14 0.119227 0.059516
16 0.102593 0.050627
19 0.148668 0.072564
22 0.168550 0.081171
26 0.164837 0.078245
31 0.210022 0.087888
37 0.212280 0.096627
44 0.282091 0.115717
52 0.358755 0.132281
62 0.391173 0.134499
74 0.449308 0.141037
88 0.499888 0.137896
105 0.566079 0.147260
126 0.646915 0.137813
151 0.751364 0.136241
181 0.790082 0.124098
217 0.874146 0.115005
260 0.919036 0.108783
312 0.995808 0.096889
374 1.067908 0.083084
448 1.111372 0.077326
537 1.158391 0.072080
644 1.190703 0.064888
772 1.230884 0.057620
926 1.253971 0.049253
1111 1.277295 0.043114
1333 1.304598 0.038364
1599 1.317047 0.033054
1918 1.324142 0.027727
2301 1.338953 0.023360
2761 1.345665 0.020563
3313 1.357461 0.017252
3975 1.362022 0.014488
