1 0.000000 0.000000
2 0.110927 0.064584
3 0.185546 0.093822
4 0.317166 0.129609
5 0.350949 0.133177
6 0.398476 0.136609
7 0.459361 0.148339
8 0.520598 0.145089
9 0.580356 0.143897
10 0.609870 0.146863
12 0.688702 0.138443
14 0.774428 0.125665
16 0.793851 0.130711
19 0.908177 0.111435
22 0.936357 0.111832
26 1.027116 0.091499
31 1.076313 0.086945
37 1.143354 0.076360
44 1.188108 0.068710
52 1.228466 0.062313
62 1.265334 0.056072
74 1.295703 0.049936
88 1.323687 0.044275
105 1.347268 0.038059
126 1.364121 0.033728
151 1.380740 0.028611
181 1.394821 0.024519
217 1.407588 0.020728
260 1.412913 0.017925
312 1.422133 0.015157
374 1.429591 0.012617
448 1.436999 0.010598
537 1.440076 0.008971
