1 0.000000 0.000000
2 0.081615 0.049910
18 0.749886 0.128757
34 0.997178 0.098863
48 1.113944 0.077751
61 1.188703 0.068367
73 1.227002 0.060768
86 1.269366 0.053619
99 1.287039 0.050667
112 1.300512 0.046400
125 1.319799 0.042300
139 1.337265 0.039242
154 1.341496 0.035866
169 1.352397 0.033747
184 1.356297 0.031212
201 1.370846 0.028934
218 1.369211 0.027014
236 1.387036 0.025121
255 1.381602 0.023298
275 1.387307 0.022027
296 1.395151 0.020525
318 1.399117 0.018880
341 1.399524 0.018067
366 1.405628 0.016750
393 1.408471 0.015790
421 1.409310 0.014603
451 1.409668 0.014117
483 1.412203 0.012969
517 1.416464 0.012283
554 1.415858 0.011453
594 1.420380 0.010696
637 1.422360 0.010027
683 1.424285 0.009362
734 1.424929 0.008675
789 1.426183 0.008226
850 1.427921 0.007617
917 1.429134 0.007066
990 1.430524 0.006523
1073 1.431644 0.006083
1165 1.433413 0.005584
1270 1.433425 0.005126
1389 1.433362 0.004744
1526 1.434209 0.004273
1687 1.437277 0.003894
1877 1.436360 0.003515
2107 1.438313 0.003088
2392 1.439139 0.002782
2756 1.439650 0.002385
3243 1.441592 0.002049
3937 1.441509 0.001667
