1 0.000000 0.000000
2 0.105239 0.061871
3 0.200849 0.097283
4 0.284746 0.119521
5 0.340019 0.130122
6 0.427351 0.140552
7 0.458350 0.142247
8 0.540167 0.150248
9 0.583102 0.146121
10 0.633953 0.146208
11 0.672950 0.146179
12 0.699561 0.145342
13 0.738430 0.140242
14 0.775549 0.136692
15 0.814104 0.126944
16 0.803497 0.131136
17 0.856558 0.118995
18 0.891190 0.118502
19 0.916254 0.111526
20 0.924814 0.111047
22 0.942719 0.110484
24 1.001196 0.098194
26 1.019119 0.093362
28 1.049872 0.088536
30 1.080380 0.085071
33 1.111056 0.079033
36 1.153206 0.074279
39 1.165808 0.073583
42 1.191895 0.070070
46 1.205994 0.065409
50 1.225375 0.063236
55 1.253782 0.057604
60 1.264223 0.055597
66 1.283938 0.053049
72 1.298447 0.049117
79 1.315268 0.045276
86 1.332008 0.042999
94 1.336161 0.040915
103 1.350160 0.038834
