1 0.000000 0.000000
2 0.013139 0.008935
3 0.020233 0.012492
4 0.031742 0.019280
5 0.031196 0.017196
6 0.039848 0.023020
7 0.048631 0.026539
8 0.057757 0.031540
9 0.068419 0.036626
10 0.067661 0.036098
11 0.075356 0.040125
12 0.092352 0.048704
13 0.109430 0.055650
14 0.106448 0.054599
15 0.122824 0.060462
16 0.113081 0.057037
17 0.122536 0.060645
18 0.133177 0.066005
19 0.116076 0.057026
20 0.149237 0.072853
22 0.145162 0.068816
24 0.157201 0.075791
26 0.201916 0.091225
28 0.231169 0.100361
30 0.226195 0.098094
33 0.222657 0.097384
36 0.256073 0.108497
39 0.251125 0.106738
42 0.262421 0.107244
46 0.292980 0.115414
50 0.325715 0.122932
55 0.357326 0.129837
60 0.391880 0.135005
66 0.427268 0.141086
72 0.453929 0.143378
79 0.443149 0.143994
86 0.516957 0.148104
94 0.544918 0.146579
103 0.577617 0.146390
113 0.618533 0.144381
124 0.641864 0.140852
136 0.683692 0.135281
149 0.705675 0.139894
163 0.754820 0.131537
179 0.805552 0.128057
196 0.826771 0.123019
215 0.856408 0.121024
236 0.907134 0.111307
259 0.929850 0.107008
284 0.966698 0.101470
312 1.006194 0.094778
343 1.043768 0.088692
377 1.067549 0.086358
414 1.091817 0.080178
455 1.128641 0.073904
500 1.142521 0.072126
550 1.165711 0.067919
605 1.178625 0.065332
665 1.204830 0.062576
731 1.221940 0.059040
804 1.236507 0.054215
884 1.250797 0.051594
972 1.264316 0.047457
1069 1.273254 0.044929
1175 1.290882 0.041458
1292 1.298302 0.039175
1421 1.304230 0.034953
1563 1.312140 0.032643
1719 1.320653 0.030178
1890 1.325873 0.027857
2079 1.332088 0.025435
2286 1.339944 0.023468
2514 1.344323 0.021718
2765 1.349472 0.019808
3041 1.349768 0.018090
3345 1.354794 0.016585
