1 0.000000 0.000000
2 0.017159 0.011599
3 0.040123 0.024587
4 0.059988 0.034196
5 0.054224 0.030445
6 0.073319 0.039153
7 0.100030 0.051113
8 0.110741 0.056274
9 0.106891 0.055030
10 0.108081 0.056315
11 0.140592 0.068506
12 0.164462 0.077882
13 0.175981 0.081520
14 0.191317 0.085707
15 0.201483 0.091597
16 0.235915 0.100874
17 0.185228 0.083117
18 0.232617 0.100041
19 0.256857 0.107147
20 0.250303 0.105087
22 0.269703 0.110324
24 0.266528 0.110653
26 0.318379 0.123239
28 0.355593 0.128652
30 0.341703 0.129708
33 0.390228 0.133813
36 0.403879 0.133640
39 0.429305 0.140797
42 0.459781 0.141896
46 0.522429 0.143049
50 0.521504 0.144822
55 0.556169 0.144209
60 0.575785 0.146144
66 0.634823 0.147554
72 0.649812 0.141002
79 0.692306 0.138215
86 0.731619 0.131051
94 0.758773 0.128947
103 0.791811 0.128899
113 0.846329 0.115323
124 0.874741 0.118648
136 0.927733 0.109704
149 0.962951 0.102156
163 0.984054 0.099799
179 1.010901 0.092965
196 1.054954 0.087730
215 1.078348 0.083688
236 1.110278 0.078759
259 1.128105 0.073402
284 1.155437 0.070599
312 1.173443 0.067797
343 1.195850 0.062626
377 1.217987 0.060720
414 1.225668 0.056539
455 1.250042 0.053126
500 1.252779 0.049470
550 1.267831 0.047245
605 1.286250 0.043413
665 1.296077 0.040308
731 1.306943 0.037371
804 1.311754 0.034974
884 1.316734 0.032081
972 1.325633 0.029357
1069 1.336340 0.027145
1175 1.341206 0.025265
1292 1.345375 0.022891
1421 1.348953 0.020765
1563 1.357096 0.019348
