1 0.000000 0.000000
2 0.005610 0.003857
3 0.015899 0.009867
4 0.021261 0.012560
5 0.033169 0.019335
6 0.038668 0.022740
7 0.031856 0.017749
8 0.050284 0.026827
9 0.046674 0.025889
10 0.054680 0.029732
11 0.072888 0.038273
12 0.082040 0.043941
13 0.070536 0.036917
14 0.089719 0.046947
15 0.090425 0.046229
16 0.088548 0.045796
17 0.098090 0.049455
18 0.101786 0.052052
19 0.111154 0.056097
20 0.114387 0.056546
22 0.126261 0.062526
24 0.129594 0.063696
26 0.136633 0.067343
28 0.166372 0.079165
30 0.168555 0.080990
33 0.169631 0.078519
36 0.208428 0.092818
39 0.195616 0.089044
42 0.235213 0.101370
46 0.238529 0.103075
50 0.263416 0.107603
55 0.269276 0.111272
60 0.302926 0.120339
66 0.331895 0.125818
72 0.343538 0.125584
79 0.377291 0.132879
86 0.398612 0.134971
94 0.446877 0.138659
103 0.468314 0.144567
113 0.496192 0.143883
124 0.526725 0.147413
136 0.577836 0.147125
149 0.604704 0.141296
163 0.652475 0.139878
179 0.671495 0.142369
196 0.704750 0.138261
215 0.763945 0.130639
236 0.786804 0.125976
259 0.823043 0.121234
284 0.865468 0.119380
312 0.911326 0.110357
343 0.934646 0.107618
377 0.967102 0.100447
414 1.000612 0.094801
455 1.030192 0.090556
500 1.068370 0.084788
550 1.091357 0.080073
605 1.120322 0.075898
665 1.140960 0.072115
731 1.155413 0.070251
804 1.178568 0.066157
884 1.200815 0.061357
