1 0.000000 0.000000
2 0.094283 0.056463
3 0.176350 0.088178
4 0.248291 0.111713
5 0.301850 0.119433
6 0.349640 0.129606
7 0.420937 0.139080
8 0.469878 0.139653
9 0.509403 0.144210
10 0.575086 0.146257
11 0.608183 0.147587
12 0.636336 0.144190
13 0.660345 0.145459
14 0.714455 0.137826
15 0.745774 0.134121
16 0.782281 0.132027
17 0.802231 0.130755
18 0.812236 0.127361
19 0.832940 0.120145
20 0.856838 0.120127
22 0.912382 0.109170
24 0.944549 0.107143
26 0.977504 0.102713
28 0.997346 0.098322
30 1.022556 0.092473
33 1.069738 0.086852
36 1.099202 0.082696
39 1.113384 0.080088
42 1.143364 0.073500
46 1.164571 0.071192
50 1.183757 0.070243
55 1.202866 0.065365
60 1.233797 0.061408
66 1.252352 0.057864
72 1.272058 0.054764
79 1.277930 0.052520
86 1.295346 0.048550
94 1.313641 0.045102
103 1.322238 0.042113
113 1.333450 0.039693
124 1.345105 0.036404
136 1.353249 0.034324
