1 0.000000 0.000000
2 0.049631 0.031938
3 0.089306 0.051437
4 0.111183 0.060167
5 0.149132 0.077062
6 0.170503 0.081661
7 0.202684 0.093678
8 0.217749 0.098898
9 0.266959 0.115511
10 0.294924 0.119020
11 0.304881 0.121475
12 0.347392 0.129666
13 0.346636 0.130065
14 0.361281 0.131045
15 0.405647 0.133211
16 0.413219 0.134367
17 0.455745 0.143715
18 0.452320 0.144526
19 0.487817 0.142382
20 0.513786 0.147935
22 0.528524 0.146557
24 0.564680 0.143207
26 0.629462 0.143680
28 0.609220 0.141417
30 0.644307 0.145328
33 0.686362 0.142558
36 0.759565 0.128503
39 0.757208 0.134172
42 0.803191 0.128618
46 0.833831 0.122466
50 0.877679 0.116246
55 0.905609 0.108940
60 0.940630 0.107668
66 0.965444 0.102740
72 0.992906 0.098723
79 1.053507 0.086556
86 1.064489 0.088018
94 1.090574 0.082340
103 1.130952 0.076513
113 1.147460 0.073870
124 1.168310 0.069576
136 1.191266 0.065700
149 1.215590 0.061918
163 1.222994 0.058670
179 1.241755 0.056333
196 1.256232 0.051941
215 1.270280 0.049538
236 1.283530 0.046000
259 1.295556 0.042693
284 1.307409 0.040313
312 1.315170 0.037111
343 1.328050 0.034029
377 1.336050 0.032161
414 1.341888 0.029544
455 1.345029 0.026898
500 1.359035 0.025238
