1 0.000000 0.000000
2 0.172982 0.089979
3 0.297610 0.122513
4 0.428417 0.144704
5 0.520322 0.148352
6 0.607048 0.147120
7 0.677661 0.143303
8 0.715490 0.140029
9 0.784635 0.130620
10 0.834436 0.123558
11 0.872025 0.120356
12 0.914286 0.113292
13 0.948419 0.104325
14 0.986287 0.099669
15 1.006530 0.097014
16 1.040711 0.092815
17 1.050888 0.088895
18 1.066712 0.085522
19 1.105799 0.081258
20 1.119741 0.078256
22 1.145348 0.073999
24 1.172564 0.072049
26 1.200198 0.065628
28 1.222046 0.064809
30 1.242056 0.060488
33 1.270946 0.059233
36 1.287169 0.055981
39 1.305318 0.051374
42 1.316438 0.050210
46 1.330356 0.047695
50 1.348653 0.043899
55 1.360214 0.041357
