1 0.000000 0.000000
2 0.000277 0.000192
3 0.002263 0.001435
4 0.002806 0.001821
5 0.002285 0.001277
6 0.003651 0.002102
7 0.004023 0.002188
8 0.007136 0.003885
9 0.007396 0.004150
10 0.008345 0.004837
11 0.008760 0.005255
12 0.011960 0.006659
13 0.012217 0.007003
14 0.007820 0.004504
15 0.011056 0.006067
16 0.012223 0.006920
17 0.016214 0.009363
18 0.014709 0.008487
19 0.015141 0.008701
20 0.016786 0.009238
22 0.020165 0.011383
24 0.018762 0.010228
26 0.022021 0.012259
28 0.022887 0.012678
30 0.019642 0.011498
33 0.021032 0.011696
36 0.028242 0.015850
39 0.028475 0.015725
42 0.034176 0.018652
46 0.035960 0.020046
50 0.044938 0.024492
55 0.050899 0.027477
60 0.052933 0.029044
66 0.056292 0.030132
72 0.061901 0.033132
79 0.062769 0.032962
86 0.063581 0.033865
94 0.081974 0.042960
103 0.083215 0.044389
113 0.087373 0.044813
124 0.103485 0.051378
136 0.101843 0.050473
149 0.115991 0.058311
163 0.130112 0.064191
179 0.129202 0.063346
196 0.154102 0.072967
215 0.167782 0.079575
236 0.173419 0.079417
259 0.206476 0.091480
284 0.211849 0.091412
312 0.230964 0.099691
343 0.256931 0.106169
377 0.292341 0.115120
414 0.294064 0.116869
455 0.319376 0.123619
500 0.350496 0.127837
550 0.375199 0.132734
605 0.399525 0.136480
665 0.435646 0.139548
731 0.453820 0.140561
804 0.498468 0.142020
884 0.538079 0.144866
972 0.564044 0.147606
1069 0.603974 0.147112
1175 0.642939 0.140995
1292 0.666665 0.141246
1421 0.706904 0.138001
1563 0.758437 0.132206
1719 0.788148 0.129196
1890 0.836622 0.123510
2079 0.874041 0.115199
2286 0.901238 0.114024
2514 0.942183 0.104530
2765 0.978070 0.100593
3041 1.012038 0.093182
3345 1.034323 0.091694
3679 1.066604 0.084537
4046 1.096017 0.081154
4450 1.121169 0.075987
4895 1.143689 0.072443
5384 1.166066 0.067997
5922 1.187923 0.064747
6514 1.205374 0.061704
7165 1.221326 0.056582
7881 1.236498 0.053980
8669 1.250045 0.049944
9535 1.261272 0.046705
10488 1.272104 0.043712
11536 1.283288 0.040007
12689 1.290520 0.038041
13957 1.300787 0.034298
15352 1.309623 0.032336
16887 1.314745 0.029410
18575 1.319541 0.027145
