1 0.000000 0.000000
2 0.029331 0.019470
3 0.053646 0.031496
4 0.068000 0.038052
5 0.117455 0.060294
6 0.113625 0.057912
7 0.165070 0.079155
8 0.153117 0.076338
9 0.182636 0.085653
10 0.219484 0.098396
11 0.236683 0.103982
12 0.220553 0.099114
13 0.257087 0.108775
14 0.276051 0.115663
15 0.302909 0.117712
16 0.296978 0.119153
17 0.350955 0.129595
18 0.347232 0.128042
19 0.356641 0.129721
20 0.395841 0.138388
22 0.405807 0.137442
24 0.463566 0.142198
26 0.455599 0.143145
28 0.485295 0.142745
30 0.508261 0.145807
33 0.565714 0.143688
36 0.592013 0.145914
39 0.628114 0.143693
42 0.651456 0.144742
46 0.685173 0.141416
50 0.737022 0.135100
55 0.761296 0.129853
60 0.777758 0.133832
66 0.829122 0.124338
72 0.857068 0.120744
79 0.905641 0.108434
86 0.937577 0.107479
94 0.968821 0.102967
103 0.995135 0.096044
113 1.032270 0.090241
124 1.054002 0.088035
136 1.094659 0.081348
149 1.104225 0.079659
163 1.135963 0.074371
179 1.164067 0.070278
196 1.184452 0.066420
215 1.204326 0.063071
236 1.218547 0.059948
259 1.238344 0.055674
284 1.252268 0.052109
312 1.265887 0.048983
343 1.281836 0.045199
377 1.294758 0.043003
414 1.302410 0.039359
455 1.312740 0.037022
500 1.322352 0.034360
550 1.327803 0.030872
605 1.333010 0.029172
665 1.342124 0.026930
731 1.348191 0.024684
804 1.355537 0.022721
