1 0.000000 0.000000
2 0.012478 0.008493
3 0.020348 0.012741
4 0.032248 0.018887
5 0.044396 0.025214
6 0.060704 0.032855
7 0.066034 0.034509
8 0.068792 0.036978
9 0.094836 0.050614
10 0.104534 0.052152
11 0.126429 0.063368
12 0.128262 0.064320
13 0.131729 0.066225
14 0.131238 0.066573
15 0.136233 0.065578
16 0.159767 0.078269
17 0.176656 0.081641
18 0.188602 0.085229
19 0.185295 0.085016
20 0.189721 0.085464
22 0.203996 0.092350
24 0.234089 0.104749
26 0.222928 0.097149
28 0.270997 0.108268
30 0.273121 0.111573
33 0.324060 0.122785
36 0.321050 0.125647
39 0.314228 0.119178
42 0.377405 0.134585
46 0.396136 0.136034
50 0.423469 0.137594
55 0.419332 0.137616
60 0.465963 0.136697
66 0.489361 0.146016
72 0.521124 0.146818
79 0.595136 0.143644
86 0.617106 0.145849
94 0.650024 0.142199
103 0.685078 0.138937
113 0.714039 0.142340
124 0.763586 0.131763
136 0.778868 0.130562
149 0.850165 0.119565
163 0.875904 0.120046
179 0.912920 0.110265
196 0.953324 0.105356
215 0.973799 0.100496
236 1.005717 0.094833
259 1.042679 0.089896
284 1.067142 0.084094
312 1.094668 0.080111
343 1.115876 0.076802
377 1.143912 0.071181
414 1.167816 0.067898
455 1.190501 0.065274
500 1.209097 0.060886
550 1.227068 0.057588
605 1.239673 0.053270
665 1.251393 0.049859
731 1.269950 0.047636
804 1.281066 0.044572
884 1.291452 0.040584
972 1.297796 0.038500
1069 1.305044 0.035064
1175 1.319055 0.032773
1292 1.321529 0.030033
1421 1.328645 0.026996
1563 1.335180 0.025543
1719 1.340948 0.023431
1890 1.348049 0.021698
2079 1.348558 0.019502
2286 1.352329 0.018191
