1 0.000000 0.000000
2 0.027239 0.018138
3 0.062846 0.036559
4 0.074534 0.042052
5 0.083586 0.045011
6 0.094843 0.050738
7 0.132269 0.064841
8 0.148426 0.072205
9 0.154605 0.074706
10 0.167760 0.078665
11 0.210826 0.096369
12 0.223808 0.097552
13 0.232587 0.098525
14 0.244282 0.102400
15 0.238915 0.104317
16 0.234777 0.100406
17 0.294106 0.119476
18 0.297104 0.117051
19 0.331733 0.124592
20 0.348029 0.126988
22 0.363467 0.132113
24 0.386038 0.138677
26 0.405672 0.137980
28 0.420470 0.136634
30 0.444606 0.142202
33 0.469286 0.144549
36 0.520922 0.147613
39 0.525417 0.149220
42 0.573286 0.144355
46 0.614120 0.145056
50 0.641353 0.143037
55 0.672562 0.139782
60 0.739360 0.136289
66 0.770388 0.131130
72 0.765456 0.131923
79 0.839323 0.121071
86 0.840390 0.123303
94 0.904926 0.110135
103 0.930863 0.110719
113 0.961790 0.103361
124 1.002679 0.095890
136 1.041047 0.088635
149 1.067050 0.086951
163 1.096632 0.080892
179 1.109467 0.078397
196 1.141583 0.072628
215 1.163568 0.069983
236 1.182712 0.066129
259 1.206557 0.062140
284 1.223000 0.058782
312 1.236291 0.055885
343 1.248318 0.051987
377 1.266935 0.048305
414 1.279701 0.046143
455 1.293671 0.041561
500 1.301646 0.039226
550 1.310115 0.037050
605 1.320500 0.033802
665 1.327773 0.031254
731 1.332955 0.028368
804 1.342907 0.026419
884 1.344327 0.024235
972 1.352763 0.021721
