1 0.000000 0.000000
2 0.060599 0.038332
3 0.158774 0.081838
4 0.186450 0.093053
5 0.267991 0.112481
6 0.273595 0.115065
7 0.344359 0.133288
8 0.404580 0.137202
9 0.412131 0.144171
10 0.454958 0.146682
11 0.487904 0.143583
12 0.560484 0.148820
13 0.565382 0.145385
14 0.607681 0.145166
15 0.634321 0.144034
16 0.643436 0.144712
17 0.685982 0.144334
18 0.696289 0.136736
19 0.726612 0.135566
20 0.754728 0.131919
22 0.791352 0.127131
24 0.850561 0.119118
26 0.866178 0.122584
28 0.878658 0.115557
30 0.907201 0.112751
33 0.965167 0.103057
36 1.001960 0.098824
39 1.021450 0.091374
42 1.050991 0.090055
46 1.080481 0.082824
50 1.098647 0.079874
55 1.130298 0.075547
60 1.161847 0.071428
66 1.192469 0.067552
72 1.207694 0.065858
79 1.219662 0.061760
86 1.246903 0.057626
94 1.259794 0.054097
103 1.279068 0.052055
113 1.289146 0.048525
124 1.303888 0.045327
136 1.318895 0.041677
149 1.325725 0.039944
163 1.340594 0.036936
179 1.346884 0.035065
196 1.353197 0.031528
