1 0.000000 0.000000
2 0.003448 0.002378
3 0.009360 0.005871
4 0.008816 0.005461
5 0.014839 0.008899
6 0.012023 0.006723
7 0.018303 0.010321
8 0.023297 0.013220
9 0.026707 0.015457
10 0.030090 0.016990
11 0.024322 0.012795
12 0.029487 0.016120
13 0.033620 0.018062
14 0.038279 0.021444
15 0.044203 0.024288
16 0.047595 0.025291
17 0.048936 0.027614
18 0.063966 0.033766
19 0.048951 0.026353
20 0.070506 0.036842
22 0.062907 0.033606
24 0.077868 0.040995
26 0.075809 0.040574
28 0.083261 0.042507
30 0.095519 0.049269
33 0.087445 0.045925
36 0.099606 0.049835
39 0.109984 0.055718
42 0.124964 0.061877
46 0.130370 0.064333
50 0.134981 0.063998
55 0.151369 0.070819
60 0.168030 0.077125
66 0.184651 0.085994
72 0.202571 0.089840
79 0.202984 0.091904
86 0.234789 0.101692
94 0.254846 0.107817
103 0.251427 0.106162
113 0.299635 0.118722
124 0.321580 0.120788
136 0.339084 0.124550
149 0.373439 0.131758
163 0.387989 0.133776
179 0.434036 0.138844
196 0.440655 0.143270
215 0.488141 0.144107
236 0.538602 0.144627
259 0.544198 0.144277
284 0.600374 0.146075
312 0.629502 0.143991
343 0.668831 0.140891
377 0.706263 0.135755
414 0.740312 0.134943
455 0.786701 0.131153
500 0.808742 0.125033
550 0.852437 0.120970
605 0.895105 0.114169
665 0.924673 0.107932
731 0.964963 0.101518
804 0.995139 0.098660
884 1.018760 0.093676
972 1.063073 0.086258
1069 1.087051 0.081836
1175 1.110976 0.077336
1292 1.140233 0.072912
1421 1.161057 0.069581
1563 1.177962 0.066497
1719 1.199262 0.062286
1890 1.214334 0.058671
2079 1.231851 0.054600
2286 1.245922 0.051391
2514 1.258039 0.048262
2765 1.271456 0.044791
3041 1.283406 0.041571
3345 1.289898 0.038929
3679 1.299274 0.035647
4046 1.306829 0.032657
4450 1.312657 0.030317
4895 1.319992 0.028044
5384 1.328558 0.025805
5922 1.332725 0.023668
6514 1.338340 0.021720
7165 1.343137 0.019820
7881 1.345482 0.017949
8669 1.350126 0.016667
