1 0.000000 0.000000
2 0.225732 0.105511
3 0.364689 0.135566
4 0.480152 0.145772
5 0.580444 0.145950
6 0.675772 0.143615
7 0.732688 0.135997
8 0.817804 0.126814
9 0.864165 0.119637
10 0.922753 0.109178
11 0.953385 0.104773
12 1.001761 0.098478
13 1.034128 0.092251
14 1.046522 0.088179
15 1.088063 0.084429
16 1.113518 0.080053
17 1.142022 0.076826
18 1.145850 0.075932
19 1.162402 0.072640
20 1.185846 0.069384
22 1.211784 0.066181
24 1.238882 0.061255
26 1.259614 0.059630
28 1.282641 0.056172
30 1.295891 0.055042
33 1.311564 0.052297
36 1.334276 0.048821
39 1.350188 0.045512
