1 0.000000 0.000000
2 0.068678 0.042887
3 0.118361 0.064495
4 0.170319 0.085632
5 0.198219 0.095253
6 0.251487 0.107595
7 0.329214 0.127331
8 0.326672 0.126173
9 0.352881 0.135126
10 0.368387 0.134086
11 0.433253 0.142212
12 0.476099 0.141903
13 0.502635 0.147417
14 0.539063 0.143712
15 0.549167 0.149150
16 0.566405 0.149051
17 0.579422 0.146732
18 0.624610 0.144435
19 0.618078 0.148009
20 0.628237 0.141704
22 0.673409 0.141872
24 0.724832 0.135662
26 0.778013 0.128426
28 0.787631 0.133872
30 0.834646 0.124030
33 0.865088 0.119521
36 0.896453 0.113396
39 0.938372 0.109448
42 0.948314 0.107567
46 1.008976 0.095367
50 1.009512 0.096211
55 1.059690 0.090710
60 1.077380 0.085236
66 1.116424 0.078925
72 1.134330 0.074907
79 1.173999 0.070480
86 1.190416 0.067562
94 1.207138 0.063129
103 1.226416 0.060568
113 1.243393 0.058059
124 1.254793 0.054243
136 1.274577 0.050395
149 1.288945 0.047233
163 1.297401 0.045536
179 1.310464 0.040834
196 1.322573 0.039156
215 1.334829 0.036321
236 1.341654 0.032927
259 1.345757 0.030284
284 1.354579 0.028186
