1 0.000000 0.000000
2 0.248037 0.110404
3 0.418614 0.140042
4 0.539727 0.144403
5 0.665525 0.140084
6 0.744372 0.134977
7 0.836061 0.122630
8 0.882639 0.115737
9 0.945024 0.106264
10 0.990847 0.096420
11 1.043187 0.089822
12 1.069799 0.084694
13 1.102913 0.081965
14 1.128959 0.076920
15 1.152887 0.074393
16 1.172589 0.071007
17 1.205148 0.066488
18 1.216357 0.064696
19 1.229747 0.063628
20 1.248776 0.060634
22 1.273860 0.057795
24 1.293027 0.055429
26 1.318152 0.051608
28 1.331072 0.049508
30 1.340233 0.048052
33 1.362932 0.044898
