1 0.000000 0.000000
2 0.002703 0.001866
3 0.001504 0.000955
4 0.006971 0.004345
5 0.008603 0.005410
6 0.010365 0.006066
7 0.009837 0.005742
8 0.011299 0.006190
9 0.013862 0.007997
10 0.020203 0.012093
11 0.020345 0.011396
12 0.020114 0.011293
13 0.015922 0.009184
14 0.020120 0.011012
15 0.019406 0.011117
16 0.031228 0.017757
17 0.023340 0.012693
18 0.021695 0.012040
19 0.033676 0.018724
20 0.030017 0.016819
22 0.033068 0.018337
24 0.035244 0.018747
26 0.046690 0.025572
28 0.044587 0.023988
30 0.048802 0.025745
33 0.050343 0.027277
36 0.062916 0.034233
39 0.060343 0.032191
42 0.064513 0.034643
46 0.075446 0.039257
50 0.073996 0.039117
55 0.090190 0.046431
60 0.085593 0.044525
66 0.093232 0.046571
72 0.108051 0.054318
79 0.128338 0.064386
86 0.129549 0.062654
94 0.148516 0.072307
103 0.163556 0.077704
113 0.172579 0.080134
124 0.193401 0.087226
136 0.187351 0.086662
149 0.205793 0.092049
163 0.225646 0.099100
179 0.257310 0.107966
196 0.282949 0.113910
215 0.284655 0.115089
236 0.326569 0.123351
259 0.331772 0.126208
284 0.363058 0.127360
312 0.386670 0.133552
343 0.417739 0.137563
377 0.451900 0.141181
414 0.487192 0.141237
455 0.522760 0.144588
500 0.566326 0.142065
550 0.590999 0.144250
605 0.627496 0.146923
665 0.665600 0.141314
731 0.694678 0.142202
804 0.729770 0.136504
884 0.778048 0.130569
972 0.826677 0.124289
1069 0.852198 0.117278
1175 0.894640 0.112940
1292 0.934198 0.107489
1421 0.968364 0.102684
1563 0.998500 0.094715
1719 1.029289 0.092578
1890 1.058511 0.084558
2079 1.084282 0.081691
2286 1.111189 0.076374
2514 1.143288 0.072364
2765 1.158430 0.068629
3041 1.178846 0.065403
3345 1.200733 0.062096
