1 0.000000 0.000000
2 0.050698 0.032571
3 0.106570 0.058988
4 0.132062 0.067235
5 0.169294 0.083693
6 0.204184 0.094104
7 0.232051 0.099765
8 0.265981 0.112120
9 0.310889 0.122141
10 0.309820 0.124506
11 0.353919 0.130555
12 0.395427 0.136626
13 0.412140 0.137734
14 0.432644 0.143128
15 0.479148 0.145399
16 0.487077 0.144025
17 0.517475 0.141428
18 0.494589 0.145653
19 0.543374 0.150041
20 0.571920 0.138842
22 0.594558 0.147695
24 0.627364 0.147789
26 0.670287 0.140446
28 0.724347 0.136172
30 0.737987 0.137752
33 0.779363 0.127569
36 0.824065 0.125032
39 0.827812 0.122194
42 0.875976 0.117711
46 0.905316 0.111720
50 0.957312 0.101644
55 0.990398 0.099735
60 0.999768 0.094987
66 1.046034 0.089819
72 1.068445 0.084965
79 1.103265 0.080723
86 1.120903 0.075542
94 1.150413 0.073181
103 1.174229 0.070313
113 1.199586 0.063844
124 1.213164 0.061559
136 1.231232 0.057542
149 1.243945 0.055867
163 1.264994 0.051875
179 1.279764 0.048547
196 1.293722 0.046555
215 1.301171 0.042740
236 1.310486 0.039621
259 1.321673 0.036699
284 1.333096 0.034654
312 1.336653 0.030860
343 1.345371 0.029538
377 1.352542 0.026500
