1 0.000000 0.000000
2 0.000139 0.000096
3 0.000255 0.000162
4 0.000364 0.000222
5 0.001540 0.000930
6 0.001405 0.000856
7 0.001340 0.000838
8 0.002332 0.001301
9 0.001946 0.001050
10 0.002459 0.001465
11 0.001990 0.001125
12 0.002658 0.001521
13 0.002119 0.001087
14 0.003583 0.002097
15 0.003473 0.002038
16 0.004408 0.002595
17 0.004753 0.002758
18 0.004736 0.002620
19 0.004323 0.002548
20 0.005005 0.002868
22 0.005313 0.003076
24 0.003634 0.002015
26 0.007416 0.004360
28 0.005927 0.003385
30 0.007250 0.004319
33 0.008853 0.005246
36 0.010317 0.005840
39 0.008469 0.004641
42 0.010132 0.005569
46 0.009984 0.005948
50 0.011633 0.006514
55 0.008990 0.004822
60 0.014001 0.007799
66 0.015058 0.008466
72 0.017858 0.010180
79 0.019499 0.010619
86 0.022609 0.012802
94 0.021943 0.011743
103 0.025454 0.014006
113 0.031154 0.017500
124 0.028937 0.015583
136 0.032259 0.017851
149 0.031397 0.017088
163 0.041541 0.022760
179 0.045119 0.024072
196 0.049329 0.026277
215 0.050181 0.027373
236 0.056681 0.030414
259 0.058360 0.031352
284 0.065723 0.035026
312 0.074680 0.039799
343 0.084089 0.043837
377 0.086361 0.043594
414 0.096542 0.049198
455 0.098864 0.050200
500 0.121198 0.060323
550 0.122692 0.061108
605 0.138868 0.068740
665 0.150381 0.072001
731 0.166751 0.079117
804 0.175664 0.081523
884 0.196464 0.088530
972 0.202456 0.090096
1069 0.231671 0.100388
1175 0.251897 0.105082
1292 0.267988 0.109168
1421 0.291138 0.115974
1563 0.322126 0.124074
1719 0.343391 0.127787
1890 0.380420 0.132999
2079 0.398429 0.135021
2286 0.427464 0.139647
2514 0.455515 0.141633
2765 0.485194 0.143679
3041 0.529443 0.142961
3345 0.574851 0.146451
3679 0.613793 0.145788
4046 0.637733 0.143888
4450 0.672199 0.140588
4895 0.722335 0.135877
5384 0.754227 0.135623
5922 0.792998 0.126790
6514 0.831469 0.122829
7165 0.872429 0.115362
7881 0.904877 0.111100
8669 0.942331 0.104256
9535 0.975287 0.101152
10488 1.012723 0.092588
11536 1.037631 0.089648
12689 1.068358 0.083380
13957 1.093363 0.080467
15352 1.123518 0.076765
16887 1.148219 0.072370
18575 1.167774 0.067405
20432 1.184512 0.063546
22475 1.204422 0.060402
