1 0.000000 0.000000
2 0.121749 0.069567
3 0.252030 0.111677
4 0.294777 0.123850
5 0.414855 0.141449
6 0.471967 0.147123
7 0.532966 0.146889
8 0.572125 0.149995
9 0.631775 0.145182
10 0.708174 0.139236
11 0.737547 0.136343
12 0.761561 0.135787
13 0.787721 0.133988
14 0.837938 0.121616
15 0.867613 0.121668
16 0.910870 0.108834
17 0.903167 0.110535
18 0.959646 0.102483
19 0.962221 0.104496
20 0.996801 0.101286
22 1.017778 0.096739
24 1.043602 0.089702
26 1.079657 0.084408
28 1.109974 0.081310
30 1.131567 0.077783
33 1.159376 0.072549
36 1.189473 0.068107
39 1.211224 0.063896
42 1.236642 0.061512
46 1.251723 0.059670
50 1.268964 0.057173
55 1.285244 0.053541
60 1.300645 0.050997
66 1.318974 0.047137
72 1.327905 0.043763
79 1.342014 0.040304
86 1.358629 0.038828
