1 0.000000 0.000000
2 0.140815 0.077777
3 0.269758 0.119449
4 0.355403 0.134119
5 0.463926 0.144164
6 0.509786 0.147824
7 0.615589 0.146479
8 0.640930 0.143173
9 0.703612 0.139297
10 0.762963 0.137446
11 0.807485 0.129081
12 0.860640 0.121084
13 0.861756 0.117886
14 0.911293 0.112973
15 0.922704 0.111891
16 0.964717 0.104139
17 0.993144 0.098447
18 1.020074 0.095382
19 1.045983 0.091679
20 1.057258 0.087562
22 1.101459 0.081852
24 1.116330 0.078183
26 1.142942 0.075459
28 1.166370 0.071254
30 1.184194 0.070443
33 1.212519 0.064675
36 1.237209 0.062012
39 1.244165 0.059517
42 1.271141 0.056270
46 1.289142 0.053387
50 1.307724 0.049951
55 1.322798 0.046926
60 1.337193 0.044402
66 1.351061 0.042050
