1 0.000000 0.000000
2 0.024392 0.016312
3 0.071667 0.041650
4 0.091139 0.049680
5 0.108620 0.058096
6 0.146569 0.073037
7 0.191714 0.090525
8 0.212774 0.095614
9 0.219973 0.096273
10 0.265292 0.111657
11 0.253507 0.107009
12 0.259022 0.107010
13 0.303438 0.117190
14 0.321748 0.125385
15 0.374602 0.132049
16 0.361362 0.132112
17 0.381889 0.133154
18 0.390245 0.134494
19 0.394526 0.137127
20 0.434336 0.138844
22 0.471226 0.143976
24 0.476149 0.143605
26 0.541885 0.143717
28 0.546927 0.147936
30 0.598369 0.149138
33 0.600591 0.147890
36 0.648862 0.143033
39 0.677876 0.143060
42 0.730184 0.134574
46 0.773812 0.131814
50 0.796068 0.129093
55 0.843468 0.123461
60 0.865638 0.119179
66 0.907421 0.111531
72 0.923733 0.110350
79 0.989127 0.097279
86 0.988482 0.098422
94 1.029682 0.091225
103 1.062092 0.088876
113 1.092603 0.080887
124 1.106765 0.078559
136 1.134891 0.074558
149 1.165544 0.070420
163 1.182191 0.066979
179 1.210995 0.062184
196 1.214734 0.059617
215 1.237154 0.055397
236 1.259454 0.053039
259 1.271660 0.048686
284 1.279754 0.046395
312 1.294976 0.042350
343 1.302721 0.039305
377 1.311221 0.037077
414 1.322250 0.034852
455 1.326168 0.031932
500 1.332927 0.028957
550 1.341760 0.027632
605 1.349645 0.025067
665 1.356520 0.022970
