1 0.000000 0.000000
2 0.004250 0.002928
3 0.007162 0.004513
4 0.010072 0.006016
5 0.016582 0.009465
6 0.020342 0.011912
7 0.014751 0.008273
8 0.020165 0.011544
9 0.030755 0.017353
10 0.029045 0.016179
12 0.034394 0.018634
14 0.036297 0.019612
16 0.043925 0.024028
19 0.054371 0.029053
22 0.058990 0.032106
26 0.071154 0.037582
31 0.089299 0.045887
37 0.098100 0.048833
44 0.126692 0.062353
52 0.144263 0.069687
62 0.174448 0.081324
74 0.192226 0.086291
88 0.222500 0.099189
105 0.254228 0.105979
126 0.312719 0.119973
151 0.361405 0.130340
181 0.408025 0.136989
217 0.475114 0.144612
260 0.529611 0.144928
312 0.600660 0.143499
374 0.671744 0.141476
448 0.748208 0.134122
537 0.828039 0.123737
644 0.891986 0.113754
772 0.962899 0.100925
926 1.031855 0.092216
1111 1.081073 0.083350
1333 1.129702 0.075515
1599 1.168020 0.067359
1918 1.206644 0.060696
