1 0.000000 0.000000
2 0.041292 0.026916
3 0.077225 0.044994
4 0.107817 0.058488
5 0.130782 0.067501
6 0.153348 0.075656
7 0.193109 0.089452
8 0.204402 0.092890
9 0.245663 0.104667
10 0.265751 0.111847
11 0.283932 0.116018
12 0.299007 0.118917
13 0.327891 0.122871
14 0.339968 0.127874
15 0.368624 0.130155
16 0.386053 0.133601
17 0.399156 0.138908
18 0.426983 0.137920
19 0.431048 0.140332
20 0.461521 0.145096
22 0.493439 0.146145
24 0.502934 0.148341
26 0.552545 0.146048
28 0.591009 0.147461
30 0.592186 0.145752
33 0.660144 0.143443
36 0.679645 0.140029
39 0.711674 0.137928
42 0.744090 0.134249
46 0.773263 0.130090
50 0.826241 0.123439
55 0.863906 0.117388
60 0.894650 0.112940
66 0.936990 0.106561
72 0.966167 0.103217
79 1.000359 0.096569
86 1.028848 0.092378
94 1.060198 0.087682
103 1.088486 0.083415
113 1.108989 0.078113
124 1.144211 0.074226
136 1.161951 0.069666
149 1.180547 0.067226
163 1.202070 0.063428
