1 0.000000 0.000000
2 0.019292 0.013000
3 0.041734 0.025382
4 0.049960 0.029083
5 0.063728 0.035358
6 0.080117 0.042781
7 0.107314 0.055412
8 0.111578 0.057727
9 0.132350 0.068317
10 0.123607 0.062084
11 0.151821 0.072540
12 0.162023 0.076850
13 0.189117 0.087935
14 0.192852 0.089947
15 0.202938 0.092494
16 0.226849 0.101034
17 0.250274 0.106749
18 0.248915 0.105503
19 0.255535 0.108073
20 0.254668 0.106541
22 0.273740 0.113577
24 0.310925 0.118355
26 0.333491 0.125145
28 0.341858 0.128128
30 0.367609 0.130490
33 0.394796 0.136295
36 0.431084 0.138802
39 0.441429 0.138752
42 0.502191 0.147142
46 0.522482 0.145249
50 0.533724 0.145516
55 0.591083 0.146880
60 0.605654 0.144901
66 0.663230 0.140090
72 0.682783 0.140092
79 0.729838 0.134111
86 0.760639 0.132565
94 0.789251 0.130119
103 0.838229 0.123459
113 0.875454 0.115038
124 0.901106 0.111051
136 0.944619 0.106234
149 0.981965 0.099473
163 1.013060 0.092956
179 1.044191 0.088991
196 1.070283 0.084745
215 1.097370 0.079415
236 1.125220 0.076822
259 1.145834 0.073729
284 1.171534 0.069376
312 1.186508 0.064823
343 1.207946 0.062524
