1 0.000000 0.000000
2 0.002204 0.001523
3 0.004292 0.002714
4 0.005980 0.003833
5 0.004013 0.002382
6 0.007122 0.004334
7 0.009083 0.005247
8 0.008509 0.005003
9 0.009251 0.005356
10 0.011344 0.006772
11 0.014197 0.008148
12 0.012776 0.007553
13 0.017738 0.010113
14 0.017105 0.009563
15 0.019154 0.010615
16 0.016788 0.009468
17 0.021307 0.012165
18 0.018512 0.010358
19 0.024399 0.013762
20 0.025659 0.014268
22 0.029929 0.016876
24 0.031073 0.017097
26 0.031680 0.017602
28 0.035233 0.019536
30 0.034733 0.019484
33 0.037230 0.020332
36 0.043378 0.023417
39 0.041367 0.022222
42 0.047365 0.025884
46 0.052989 0.028578
50 0.058983 0.031653
55 0.066535 0.035500
60 0.070794 0.037011
66 0.078967 0.040917
72 0.092085 0.046858
79 0.091109 0.047183
86 0.099907 0.050976
94 0.109227 0.055692
103 0.116003 0.057435
113 0.127714 0.063121
124 0.136432 0.065728
136 0.151350 0.073193
149 0.168108 0.077950
163 0.188970 0.085154
179 0.196998 0.089069
196 0.208558 0.092016
215 0.234544 0.100907
236 0.241636 0.103645
259 0.274541 0.113134
284 0.290571 0.115230
312 0.328457 0.124353
343 0.341093 0.124185
377 0.368262 0.130653
414 0.402366 0.136114
455 0.435007 0.141516
500 0.458665 0.143593
550 0.495616 0.144076
605 0.533212 0.147943
665 0.563238 0.146203
731 0.600554 0.144166
804 0.642129 0.142020
884 0.677533 0.141616
972 0.716336 0.138166
1069 0.756401 0.131447
1175 0.792150 0.129255
1292 0.826448 0.125838
1421 0.866771 0.117187
1563 0.915856 0.108804
1719 0.935001 0.106920
1890 0.977231 0.100453
2079 1.000404 0.096082
2286 1.034207 0.091562
2514 1.069658 0.085112
2765 1.092414 0.081417
3041 1.120970 0.075845
3345 1.145308 0.072868
3679 1.162602 0.068294
4046 1.184148 0.064388
4450 1.206527 0.061740
