1 0.000000 0.000000
2 0.059307 0.037591
3 0.102652 0.056960
4 0.152533 0.078332
5 0.169042 0.083963
6 0.220958 0.100475
7 0.256912 0.110874
8 0.293817 0.117829
9 0.326650 0.125989
10 0.351374 0.129021
11 0.388692 0.136155
12 0.404978 0.140197
13 0.441684 0.141889
14 0.459793 0.141599
15 0.487259 0.145357
16 0.514932 0.146910
17 0.511196 0.146931
18 0.547508 0.146514
19 0.575661 0.145867
20 0.582366 0.146305
22 0.602043 0.143015
24 0.666312 0.143240
26 0.699830 0.138894
28 0.728316 0.137557
30 0.759750 0.130454
33 0.796740 0.126407
36 0.835618 0.123307
39 0.863163 0.116814
42 0.895895 0.115184
46 0.944131 0.106773
50 0.973069 0.103725
55 0.999746 0.095793
60 1.025079 0.092224
66 1.063811 0.088224
72 1.092463 0.084736
79 1.121657 0.078494
86 1.142050 0.075287
94 1.165597 0.069974
103 1.188046 0.066365
113 1.204218 0.063383
