1 0.000000 0.000000
2 0.000555 0.000384
3 0.001270 0.000807
4 0.002479 0.001481
5 0.002805 0.001675
6 0.004533 0.002761
7 0.004840 0.002807
8 0.005607 0.003217
9 0.004251 0.002449
10 0.006219 0.003796
11 0.007400 0.004349
12 0.006898 0.003978
13 0.006508 0.003450
14 0.010002 0.005906
15 0.008764 0.005017
16 0.010570 0.006028
17 0.009947 0.005725
18 0.014872 0.008304
19 0.011393 0.006463
20 0.013506 0.007891
22 0.014567 0.008462
24 0.013675 0.007484
26 0.016403 0.009011
28 0.019007 0.010754
30 0.019899 0.011183
33 0.020717 0.011662
36 0.022589 0.012918
39 0.025901 0.014374
42 0.025237 0.013836
46 0.033303 0.018283
50 0.035123 0.019288
55 0.037703 0.020322
60 0.036670 0.020071
66 0.043492 0.023442
72 0.047897 0.025529
79 0.052297 0.028190
86 0.057414 0.031359
94 0.061983 0.033409
103 0.063047 0.033770
113 0.074986 0.039357
124 0.085499 0.044732
136 0.079206 0.041066
149 0.098673 0.050367
163 0.099507 0.050706
179 0.114129 0.056961
196 0.129575 0.064393
215 0.132152 0.063864
236 0.147497 0.071008
259 0.155378 0.073440
284 0.168999 0.078879
312 0.193688 0.087935
343 0.202698 0.090792
377 0.220865 0.095297
414 0.235377 0.101872
455 0.264242 0.108929
500 0.292037 0.115645
550 0.311052 0.120271
605 0.330438 0.125362
665 0.364025 0.131667
731 0.395208 0.134782
804 0.407777 0.134876
884 0.449117 0.142305
972 0.470057 0.146993
1069 0.519833 0.142970
1175 0.551810 0.145029
1292 0.582224 0.142222
1421 0.624584 0.144278
1563 0.669179 0.142107
1719 0.706433 0.133970
1890 0.737848 0.132752
2079 0.774106 0.129027
2286 0.826617 0.124130
2514 0.853697 0.116940
2765 0.892825 0.114147
3041 0.927633 0.106863
3345 0.963002 0.104155
3679 0.997413 0.096704
4046 1.028761 0.090875
4450 1.057196 0.086563
4895 1.088447 0.082756
5384 1.112556 0.076795
5922 1.135330 0.073676
6514 1.160165 0.068805
7165 1.182979 0.066682
7881 1.201242 0.062700
