1 0.000000 0.000000
2 0.007349 0.005040
3 0.008900 0.005591
4 0.015231 0.009031
5 0.017248 0.010173
6 0.024899 0.014088
7 0.029798 0.017085
8 0.031592 0.017818
9 0.036374 0.019843
10 0.044041 0.024088
11 0.044419 0.024085
12 0.050507 0.027799
13 0.052532 0.028501
14 0.054007 0.029404
15 0.064495 0.034470
16 0.066154 0.035516
17 0.064666 0.034227
18 0.071231 0.037568
19 0.073405 0.038214
20 0.081517 0.042458
22 0.085637 0.044044
24 0.101589 0.051379
26 0.098364 0.048895
28 0.112534 0.055778
30 0.117712 0.059643
33 0.133371 0.065824
36 0.146207 0.071126
39 0.153794 0.072187
42 0.164409 0.078625
46 0.186006 0.084850
50 0.187947 0.085106
55 0.203517 0.090874
60 0.226451 0.096891
66 0.247465 0.103879
72 0.267345 0.111372
79 0.292514 0.118668
86 0.314216 0.119879
94 0.330021 0.123390
103 0.338820 0.125074
113 0.385649 0.133363
124 0.408588 0.136843
136 0.437352 0.139691
149 0.477119 0.146079
163 0.500870 0.144344
179 0.535724 0.145855
196 0.576149 0.144892
215 0.599702 0.145152
236 0.656620 0.140946
259 0.683558 0.140955
284 0.724413 0.135216
312 0.759357 0.134762
343 0.795876 0.126759
377 0.834310 0.121447
414 0.879394 0.114589
455 0.902611 0.112496
500 0.947478 0.105027
550 0.972770 0.100512
605 1.013866 0.095742
665 1.039350 0.089173
731 1.070426 0.084837
804 1.093426 0.081180
884 1.123715 0.076140
972 1.145755 0.071958
1069 1.166005 0.067450
1175 1.186840 0.064423
1292 1.205339 0.060925
