1 0.000000 0.000000
2 0.010791 0.007363
3 0.016821 0.010450
4 0.026580 0.015834
5 0.035394 0.020323
6 0.053236 0.030418
7 0.059337 0.032672
8 0.062855 0.033672
9 0.065128 0.035626
10 0.073491 0.039238
11 0.083869 0.042661
12 0.093865 0.048713
13 0.089737 0.046381
14 0.103208 0.052994
15 0.122039 0.061189
16 0.118348 0.058927
17 0.121821 0.061668
18 0.136620 0.066459
19 0.126994 0.062333
20 0.141388 0.069146
22 0.156955 0.074224
24 0.167811 0.078802
26 0.185638 0.084666
28 0.191473 0.086965
30 0.214484 0.095073
33 0.233277 0.101427
36 0.242160 0.102367
39 0.269346 0.110830
42 0.279901 0.111865
46 0.309216 0.120535
50 0.335613 0.124394
55 0.362313 0.129513
60 0.390543 0.135077
66 0.411048 0.136974
72 0.443007 0.139544
79 0.465126 0.141645
86 0.504838 0.146321
94 0.527647 0.143209
103 0.579708 0.147095
113 0.600967 0.146188
124 0.635225 0.143522
136 0.682041 0.140984
149 0.717444 0.134767
163 0.751744 0.133438
179 0.788370 0.130273
196 0.823554 0.123791
215 0.869777 0.117194
236 0.904039 0.111674
259 0.935367 0.105992
284 0.970828 0.101525
312 1.007328 0.097150
343 1.034639 0.090868
377 1.063174 0.084475
414 1.092031 0.081470
455 1.119239 0.077237
500 1.144450 0.072383
550 1.162235 0.068887
605 1.182022 0.064651
665 1.203166 0.060825
