1 0.000000 0.000000
2 0.276154 0.115154
3 0.455807 0.140362
4 0.602362 0.142930
5 0.715246 0.136604
6 0.803519 0.125788
7 0.887626 0.113807
8 0.950645 0.103467
9 1.005964 0.095368
10 1.045728 0.089370
12 1.123231 0.077481
14 1.184071 0.068064
16 1.228901 0.063568
1 0.000000 0.000000
2 0.276457 0.115197
3 0.449038 0.140439
4 0.600430 0.143547
5 0.713148 0.134923
6 0.805471 0.124629
7 0.889545 0.113398
8 0.944233 0.102091
9 1.003060 0.095190
10 1.053157 0.087503
11 1.090147 0.082040
12 1.122610 0.076258
13 1.151676 0.074130
14 1.179311 0.069146
15 1.208816 0.067228
