1 0.000000 0.000000
2 0.199927 0.098608
3 0.347366 0.133485
4 0.482505 0.144234
5 0.601937 0.148299
6 0.670333 0.142734
7 0.733669 0.135805
8 0.805314 0.128208
9 0.859447 0.119839
10 0.909997 0.113562
12 0.990125 0.098695
14 1.061464 0.087478
16 1.109319 0.080935
19 1.166058 0.072285
22 1.213650 0.065870
1 0.000000 0.000000
2 0.200282 0.098712
3 0.362024 0.135734
4 0.489137 0.146850
5 0.580798 0.146611
6 0.669682 0.142771
7 0.747812 0.133925
8 0.804547 0.126595
9 0.862912 0.119840
10 0.919687 0.111022
11 0.955761 0.105245
12 0.996530 0.097671
13 1.026620 0.093808
14 1.058685 0.088186
15 1.083893 0.084583
16 1.104698 0.080675
17 1.127763 0.078627
18 1.147804 0.075796
19 1.161997 0.072738
20 1.183067 0.070550
22 1.208453 0.065864
