1 0.000000 0.000000
2 0.000139 0.000096
3 0.000379 0.000241
4 0.001454 0.000888
5 0.000972 0.000602
6 0.001429 0.000814
7 0.001813 0.001016
8 0.003578 0.002102
9 0.003135 0.001805
10 0.003085 0.001793
12 0.005376 0.003183
14 0.003365 0.001808
16 0.003676 0.002032
19 0.006238 0.003502
22 0.006669 0.003608
26 0.007750 0.004335
31 0.006482 0.003613
37 0.011502 0.006319
44 0.012482 0.007069
52 0.014180 0.007682
62 0.017088 0.009542
74 0.022978 0.012919
88 0.024239 0.013276
105 0.031664 0.017606
126 0.035866 0.019543
151 0.046443 0.024885
181 0.050202 0.026895
217 0.061711 0.032541
260 0.076957 0.038840
312 0.085071 0.043932
374 0.102156 0.051346
448 0.120404 0.059782
537 0.146303 0.071004
644 0.172913 0.080844
772 0.201724 0.091455
926 0.239238 0.103570
1111 0.276665 0.112372
1333 0.319347 0.121385
1599 0.376533 0.132317
1918 0.424526 0.138770
2301 0.488421 0.143001
2761 0.556898 0.145213
3313 0.627330 0.144684
3975 0.701461 0.136875
4770 0.779463 0.127955
5724 0.854216 0.119270
6868 0.916772 0.107583
8241 0.989854 0.095730
9889 1.045476 0.088684
11866 1.102957 0.078812
14239 1.143837 0.071447
17086 1.185351 0.065367
20503 1.216502 0.056620
