1 0.000000 0.000000
2 0.155234 0.083502
3 0.269827 0.119750
4 0.359627 0.136775
5 0.445462 0.146849
6 0.512519 0.150854
7 0.584276 0.148094
8 0.646861 0.146241
9 0.691397 0.142752
10 0.746979 0.135580
11 0.788980 0.131018
12 0.824736 0.125610
13 0.863508 0.119360
14 0.901080 0.113720
15 0.930450 0.108224
16 0.962255 0.104785
17 0.984053 0.098766
18 1.004707 0.099141
19 1.036867 0.090587
20 1.055081 0.088493
22 1.091296 0.086423
24 1.121199 0.078130
26 1.131850 0.077417
28 1.166311 0.072320
30 1.187363 0.069621
33 1.216591 0.065001
