1 0.000000 0.000000
2 0.083858 0.051094
3 0.163030 0.084625
4 0.204604 0.098393
5 0.246969 0.110574
6 0.289129 0.118341
7 0.339993 0.128135
8 0.385186 0.135368
9 0.417373 0.139345
10 0.449437 0.142532
11 0.488271 0.144112
12 0.544051 0.150092
13 0.574009 0.146676
14 0.579393 0.147687
15 0.621435 0.144583
16 0.628198 0.144603
17 0.665037 0.140035
18 0.692340 0.139895
19 0.713339 0.139430
20 0.745703 0.133719
22 0.793157 0.130184
24 0.819093 0.124874
26 0.836163 0.121976
28 0.889123 0.117642
30 0.906808 0.112188
33 0.949425 0.103818
36 0.981522 0.101068
39 1.012181 0.095336
42 1.037742 0.092377
46 1.071512 0.085459
50 1.098040 0.080692
55 1.130603 0.076744
60 1.147623 0.073102
66 1.171886 0.069484
72 1.194428 0.066566
79 1.219424 0.061926
