1 0.000000 0.000000
2 0.103619 0.061086
3 0.196423 0.096905
4 0.276801 0.117144
5 0.336522 0.132023
6 0.404655 0.139340
7 0.466127 0.144732
8 0.515222 0.145965
9 0.559573 0.149361
10 0.597757 0.147111
11 0.641395 0.145213
12 0.672540 0.143163
13 0.713787 0.140660
14 0.726998 0.138568
15 0.768367 0.132423
16 0.787085 0.131523
17 0.845017 0.122594
18 0.839128 0.121536
19 0.891938 0.112892
20 0.901874 0.113115
22 0.943304 0.107969
24 0.967819 0.105082
26 1.003533 0.098152
28 1.022832 0.093867
30 1.060533 0.089037
33 1.085884 0.086956
36 1.116312 0.079721
39 1.136656 0.075383
42 1.168628 0.072243
46 1.183820 0.068439
50 1.203596 0.065222
