1 0.000000 0.000000
2 0.023654 0.015836
3 0.059046 0.034469
4 0.070353 0.039714
5 0.088820 0.047879
6 0.113519 0.059315
7 0.130799 0.066668
8 0.159466 0.077773
9 0.162739 0.078326
10 0.175806 0.083577
11 0.198797 0.091253
12 0.218827 0.096405
13 0.254423 0.110824
14 0.249229 0.107608
15 0.285963 0.114377
16 0.308775 0.120995
17 0.304231 0.117756
18 0.326699 0.122002
19 0.329087 0.127536
20 0.328719 0.123204
22 0.382030 0.132212
24 0.395046 0.132730
26 0.445458 0.139087
28 0.459146 0.142354
30 0.479991 0.144322
33 0.510245 0.145631
36 0.550647 0.146087
39 0.588303 0.147417
42 0.614326 0.147020
46 0.638214 0.145330
50 0.672958 0.142868
55 0.718269 0.140275
60 0.748272 0.132870
66 0.794771 0.129599
72 0.843983 0.122694
79 0.857635 0.118752
86 0.889787 0.116358
94 0.940429 0.107878
103 0.971379 0.101553
113 0.993889 0.099302
124 1.028364 0.091710
136 1.064357 0.088002
149 1.086365 0.082567
163 1.118912 0.077058
179 1.143645 0.074754
196 1.168273 0.068858
215 1.189262 0.066277
236 1.205678 0.062050
