1 0.000000 0.000000
2 0.003947 0.002721
3 0.004915 0.003109
4 0.007685 0.004663
5 0.011481 0.006777
6 0.013190 0.007890
7 0.016108 0.009233
8 0.014846 0.008467
9 0.020021 0.011223
10 0.023091 0.013149
11 0.025039 0.014155
12 0.026361 0.014569
13 0.031501 0.018058
14 0.035969 0.020251
15 0.032346 0.017911
16 0.033380 0.018261
17 0.037500 0.020739
18 0.040144 0.022291
19 0.045681 0.024622
20 0.045395 0.024491
22 0.050054 0.027260
24 0.057806 0.031382
26 0.061359 0.032744
28 0.059601 0.031995
30 0.063193 0.033759
33 0.079102 0.041926
36 0.080289 0.042005
39 0.082176 0.043040
42 0.081280 0.042639
46 0.092662 0.046797
50 0.114480 0.057328
55 0.112420 0.057351
60 0.127725 0.063803
66 0.142390 0.070166
72 0.153705 0.072924
79 0.160286 0.076723
86 0.173106 0.078847
94 0.196595 0.088610
103 0.210727 0.091530
113 0.224218 0.097440
124 0.237542 0.100890
136 0.272612 0.112045
149 0.282505 0.114092
163 0.314993 0.120962
179 0.334203 0.126127
196 0.355912 0.127641
215 0.383283 0.133015
236 0.425650 0.138663
259 0.439152 0.139235
284 0.480914 0.141225
312 0.510429 0.142323
343 0.547502 0.144765
377 0.582717 0.148456
414 0.622941 0.144873
455 0.653504 0.144023
500 0.696170 0.142178
550 0.737121 0.135868
605 0.776456 0.130719
665 0.811552 0.123244
731 0.851084 0.118633
804 0.883115 0.114419
884 0.921177 0.108792
972 0.953996 0.105045
1069 0.991669 0.097007
1175 1.016568 0.092318
1292 1.046505 0.086300
1421 1.079965 0.082603
1563 1.107255 0.078183
1719 1.128372 0.072764
1890 1.154921 0.070025
2079 1.177451 0.066625
2286 1.193734 0.063111
2514 1.210857 0.059549
