1 0.000000 0.000000
2 0.023000 0.015413
3 0.038125 0.023049
4 0.056033 0.032494
5 0.065738 0.036970
6 0.086396 0.046452
7 0.107826 0.056366
8 0.126424 0.063735
9 0.123837 0.062446
10 0.141853 0.069226
11 0.148521 0.072857
12 0.161808 0.078115
13 0.179312 0.083808
14 0.200142 0.090446
15 0.205003 0.090952
16 0.219084 0.098241
17 0.235328 0.102297
18 0.248358 0.105599
19 0.249449 0.106570
20 0.255809 0.107255
22 0.285481 0.115734
24 0.297717 0.117354
26 0.327924 0.127107
28 0.360212 0.132182
30 0.367844 0.129931
33 0.402206 0.137366
36 0.443164 0.141298
39 0.461863 0.140691
42 0.469905 0.141782
46 0.499933 0.143320
50 0.541048 0.147382
55 0.581390 0.146551
60 0.615975 0.147163
66 0.652265 0.142560
72 0.691281 0.138797
79 0.730368 0.137300
86 0.758792 0.131609
94 0.798482 0.128771
103 0.831762 0.123256
113 0.869621 0.117004
124 0.904820 0.114282
136 0.945775 0.104711
149 0.977734 0.098669
163 1.005993 0.095420
179 1.037854 0.091434
196 1.064792 0.084826
215 1.097439 0.080807
236 1.117702 0.076328
259 1.146286 0.072751
284 1.169501 0.068008
312 1.185874 0.065439
343 1.208121 0.061046
377 1.225048 0.057939
414 1.240017 0.054415
455 1.257840 0.051978
500 1.267154 0.047698
550 1.277830 0.044166
605 1.290847 0.041057
