1 0.000000 0.000000
2 0.006310 0.004334
3 0.010171 0.006475
4 0.014590 0.008855
5 0.020397 0.012246
6 0.023164 0.013305
7 0.030152 0.017265
8 0.032003 0.018172
9 0.037649 0.021337
10 0.039616 0.021724
11 0.039811 0.021874
12 0.049518 0.027093
13 0.056473 0.030186
14 0.060179 0.032797
15 0.064412 0.034086
16 0.067663 0.035986
17 0.068110 0.036278
18 0.077966 0.041224
19 0.080151 0.041387
20 0.085899 0.044913
22 0.094440 0.048744
24 0.101709 0.052074
26 0.110030 0.056613
28 0.122781 0.060946
30 0.122897 0.061409
33 0.143009 0.068945
36 0.147696 0.070631
39 0.170739 0.081169
42 0.163983 0.077721
46 0.189899 0.086570
50 0.198173 0.090339
55 0.225561 0.097286
60 0.241894 0.101450
66 0.249059 0.106106
72 0.275662 0.111832
79 0.287396 0.114385
86 0.319708 0.123955
94 0.347173 0.127911
103 0.373952 0.131725
113 0.393298 0.132725
124 0.427512 0.137923
136 0.453392 0.141308
149 0.479508 0.144795
163 0.529056 0.144090
179 0.562092 0.143977
196 0.594512 0.144322
215 0.626523 0.146050
236 0.670744 0.140221
259 0.703845 0.136894
284 0.741589 0.133212
312 0.771974 0.130059
343 0.821314 0.124518
377 0.855526 0.119414
414 0.885027 0.113323
455 0.929501 0.106698
500 0.964640 0.100983
550 0.995046 0.098135
605 1.030956 0.093409
665 1.061383 0.085061
731 1.085459 0.081996
804 1.107842 0.077356
884 1.137854 0.074151
972 1.162172 0.069943
1069 1.177643 0.065651
1175 1.196751 0.061526
1292 1.216598 0.058874
1421 1.228865 0.054103
1563 1.245629 0.050594
1719 1.257489 0.049009
1890 1.269116 0.045187
2079 1.279878 0.041730
2286 1.293431 0.038894
