1 0.000000 0.000000
2 0.214391 0.102641
3 0.362125 0.135636
4 0.482912 0.146615
5 0.580692 0.148728
6 0.668865 0.142056
7 0.735388 0.137742
8 0.805700 0.128094
9 0.863560 0.118716
10 0.909492 0.110214
11 0.957359 0.102716
12 0.997743 0.098389
13 1.012965 0.093820
14 1.056217 0.087072
15 1.081945 0.084453
16 1.106532 0.080369
17 1.130519 0.077046
18 1.145247 0.074367
19 1.166733 0.072645
20 1.181709 0.070293
22 1.208093 0.065693
24 1.236935 0.063202
26 1.257350 0.059937
28 1.279553 0.057079
30 1.291988 0.054571
