1 0.000000 0.000000
2 0.035617 0.023419
3 0.071998 0.042118
4 0.102962 0.055225
5 0.118318 0.062018
6 0.145658 0.071848
7 0.171812 0.082107
8 0.207874 0.095983
9 0.230645 0.100910
10 0.250885 0.108130
11 0.255561 0.106726
12 0.284900 0.114998
13 0.311983 0.120969
14 0.333468 0.126542
15 0.356330 0.130339
16 0.376307 0.133443
17 0.376729 0.132237
18 0.409174 0.139234
19 0.423766 0.140040
20 0.454324 0.142657
22 0.465158 0.142205
24 0.514321 0.144576
26 0.532990 0.146506
28 0.559708 0.148349
30 0.582000 0.146733
33 0.635755 0.142811
36 0.665052 0.143287
39 0.695619 0.138317
42 0.732709 0.131931
46 0.768239 0.131638
50 0.805994 0.126802
55 0.825164 0.121781
60 0.862467 0.118529
66 0.913476 0.110916
72 0.943111 0.105459
79 0.978781 0.098844
86 1.017631 0.094710
94 1.042705 0.089657
103 1.066112 0.084357
113 1.093592 0.081783
124 1.122146 0.075869
136 1.150065 0.072537
149 1.171293 0.068819
163 1.191503 0.064056
179 1.213495 0.061542
196 1.227934 0.058210
215 1.245728 0.054974
236 1.256113 0.051488
259 1.270341 0.048213
284 1.287113 0.045891
