1 0.000000 0.000000
2 0.001935 0.001338
3 0.004926 0.003115
4 0.007795 0.004685
5 0.010435 0.006135
6 0.017132 0.009857
7 0.018035 0.010683
8 0.018945 0.010834
9 0.020235 0.011271
10 0.023254 0.013116
11 0.026484 0.015304
12 0.029730 0.016435
13 0.033185 0.018790
14 0.035219 0.019497
15 0.034119 0.018529
16 0.041447 0.022974
17 0.038911 0.021453
18 0.041526 0.022603
19 0.045988 0.025248
20 0.046732 0.025619
22 0.048742 0.026538
24 0.059464 0.031704
26 0.060049 0.032561
28 0.067281 0.035064
30 0.065290 0.034548
33 0.079522 0.041105
36 0.083967 0.043265
39 0.085192 0.043711
42 0.096078 0.049842
46 0.111103 0.056111
50 0.111204 0.056038
55 0.125969 0.061957
60 0.135939 0.066744
66 0.154154 0.072488
72 0.153427 0.072593
79 0.180382 0.083456
86 0.185685 0.087053
94 0.215166 0.095255
103 0.220948 0.097244
113 0.245989 0.105057
124 0.273274 0.110471
136 0.277353 0.112248
149 0.306992 0.118441
163 0.324171 0.123860
179 0.351772 0.127116
196 0.375744 0.132366
215 0.410997 0.137151
236 0.440518 0.137030
259 0.473759 0.142876
284 0.505494 0.143825
312 0.528515 0.146325
343 0.573454 0.145830
377 0.595189 0.143263
414 0.654198 0.142720
455 0.684005 0.140661
500 0.724348 0.135858
550 0.760256 0.133159
605 0.798667 0.128895
665 0.841919 0.119123
731 0.881605 0.113496
804 0.912309 0.110134
884 0.946064 0.106051
972 0.980912 0.098219
1069 1.012979 0.093069
1175 1.046447 0.089998
1292 1.073005 0.082555
1421 1.099265 0.079291
1563 1.124919 0.075681
1719 1.155340 0.071114
1890 1.168489 0.067047
2079 1.187937 0.063339
2286 1.204652 0.059752
2514 1.225679 0.056225
2765 1.241099 0.053211
3041 1.252077 0.049147
3345 1.264092 0.045684
3679 1.276658 0.042995
4046 1.285609 0.039470
