1 0.000000 0.000000
2 0.115487 0.066712
3 0.213998 0.102169
4 0.308952 0.124619
5 0.384171 0.139496
6 0.440836 0.142228
7 0.513812 0.147668
8 0.558536 0.146145
9 0.603478 0.147374
10 0.645886 0.144959
11 0.701570 0.139549
12 0.730440 0.136713
13 0.762519 0.132771
14 0.787844 0.129447
15 0.836913 0.123676
16 0.851323 0.122538
17 0.877842 0.118615
18 0.909151 0.112827
19 0.932928 0.109188
20 0.945689 0.106895
22 0.991164 0.098796
24 1.032177 0.093350
26 1.055664 0.089722
28 1.078645 0.086534
30 1.107217 0.081794
33 1.130600 0.076686
36 1.162817 0.073168
39 1.186014 0.068549
42 1.203640 0.066286
46 1.227575 0.062588
50 1.242386 0.060147
55 1.266519 0.055614
60 1.284171 0.053110
