1 0.000000 0.000000
2 0.001930 0.001334
3 0.003296 0.002088
4 0.005288 0.003274
5 0.005153 0.003067
6 0.006975 0.004097
7 0.007972 0.004791
8 0.011209 0.006442
9 0.010471 0.006201
10 0.015894 0.009146
11 0.014736 0.008293
12 0.015322 0.008864
13 0.019041 0.010925
14 0.018043 0.009599
15 0.017722 0.009726
16 0.019708 0.010894
17 0.021145 0.011963
18 0.027091 0.015421
19 0.026913 0.015009
20 0.026636 0.014736
22 0.026500 0.014496
24 0.026423 0.014048
26 0.031772 0.017868
28 0.035980 0.019699
30 0.036323 0.020323
33 0.038794 0.021149
36 0.048005 0.026079
39 0.051430 0.027364
42 0.056830 0.029950
46 0.065162 0.035444
50 0.067574 0.035769
55 0.076449 0.040345
60 0.082932 0.043591
66 0.084433 0.043603
72 0.090417 0.046932
79 0.103330 0.051848
86 0.103574 0.052527
94 0.119808 0.059187
103 0.127610 0.061602
113 0.137984 0.067905
124 0.162110 0.075952
136 0.166721 0.078292
149 0.172167 0.078783
163 0.197170 0.089050
179 0.210626 0.093163
196 0.243340 0.104954
215 0.251177 0.106009
236 0.267851 0.110669
259 0.291884 0.117447
284 0.325224 0.123935
312 0.341646 0.127899
343 0.365099 0.130888
377 0.385932 0.134746
414 0.430512 0.140017
455 0.458664 0.143863
500 0.489663 0.145017
550 0.530342 0.144534
605 0.567519 0.143787
665 0.595755 0.146394
731 0.634111 0.143289
804 0.680152 0.141872
884 0.708624 0.136084
972 0.759497 0.130943
1069 0.784605 0.129384
1175 0.823737 0.123858
1292 0.865735 0.117453
1421 0.902999 0.110653
1563 0.939343 0.107135
1719 0.971427 0.099637
1890 1.006103 0.095128
2079 1.041114 0.090700
2286 1.064503 0.085045
2514 1.094363 0.081307
2765 1.116705 0.077863
3041 1.141794 0.073357
