1 0.000000 0.000000
2 0.071362 0.044372
3 0.126555 0.068952
4 0.163498 0.081173
5 0.221379 0.100618
6 0.260825 0.110518
7 0.291278 0.117198
8 0.342841 0.129202
9 0.394265 0.137830
10 0.409506 0.137840
11 0.446510 0.141744
12 0.478526 0.142958
13 0.509012 0.147464
14 0.537667 0.147757
15 0.561276 0.147434
16 0.585050 0.145968
17 0.622399 0.143333
18 0.640596 0.144084
19 0.652813 0.142789
20 0.683440 0.139450
22 0.719365 0.137928
24 0.758178 0.133499
26 0.800221 0.129616
28 0.829157 0.122947
30 0.848570 0.121135
33 0.893670 0.116519
36 0.936517 0.108402
39 0.963395 0.104589
42 0.981971 0.099947
46 1.019198 0.095123
50 1.051639 0.089970
55 1.082360 0.082660
60 1.110511 0.079155
66 1.137412 0.075087
72 1.159845 0.069760
79 1.181835 0.066366
86 1.204948 0.065144
94 1.220613 0.060624
103 1.245622 0.057281
113 1.260449 0.054818
124 1.276227 0.051764
136 1.289164 0.047469
