1 0.000000 0.000000
2 0.012374 0.008424
3 0.017987 0.011243
4 0.028726 0.016924
5 0.036386 0.021240
6 0.046816 0.026232
7 0.046452 0.025561
8 0.064826 0.035502
9 0.071674 0.038744
10 0.075250 0.040384
11 0.087500 0.045186
12 0.095673 0.049188
13 0.105105 0.053564
14 0.100442 0.051533
15 0.118038 0.059038
16 0.134686 0.065877
17 0.129649 0.063715
18 0.140799 0.068389
19 0.147422 0.071145
20 0.158998 0.075959
22 0.151581 0.073145
24 0.186244 0.083701
26 0.182606 0.082708
28 0.199571 0.089493
30 0.220697 0.096770
33 0.230224 0.100238
36 0.264556 0.111485
39 0.273029 0.110605
42 0.289714 0.116686
46 0.308238 0.121149
50 0.330124 0.124870
55 0.358541 0.130056
60 0.388236 0.134830
66 0.422505 0.138781
72 0.445534 0.140985
79 0.497781 0.143827
86 0.511512 0.145324
94 0.550459 0.144451
103 0.579144 0.144018
113 0.619904 0.145362
124 0.661752 0.141598
136 0.690632 0.141433
149 0.730914 0.135649
163 0.764594 0.131301
179 0.804086 0.124299
196 0.839868 0.120816
215 0.879445 0.113584
236 0.910032 0.111027
259 0.942962 0.104356
284 0.984035 0.100100
312 1.014031 0.093432
343 1.048985 0.087122
377 1.079102 0.084798
414 1.103423 0.079183
455 1.123930 0.075677
500 1.146749 0.071277
550 1.172900 0.067499
605 1.188953 0.063425
665 1.210385 0.060184
731 1.223731 0.055429
804 1.239156 0.053383
884 1.252681 0.049702
972 1.268395 0.046157
1069 1.276374 0.042667
1175 1.286464 0.039821
