1 0.000000 0.000000
2 0.109628 0.063970
5 0.373267 0.133175
7 0.514395 0.148894
9 0.640609 0.146457
11 0.708114 0.142297
13 0.796651 0.129130
15 0.860258 0.122330
17 0.883398 0.117252
19 0.915500 0.111190
22 0.993744 0.100561
24 1.020399 0.094534
26 1.067066 0.086336
28 1.079447 0.086131
31 1.117224 0.080052
33 1.135229 0.074770
36 1.169879 0.072821
39 1.179342 0.069691
42 1.210769 0.063447
45 1.219204 0.064146
48 1.245085 0.060418
52 1.256922 0.057057
56 1.268966 0.055292
60 1.288130 0.052773
64 1.303421 0.050334
68 1.302966 0.049029
73 1.326042 0.045472
79 1.324625 0.043279
84 1.339780 0.041418
91 1.352341 0.038758
98 1.358182 0.037331
105 1.369693 0.034738
114 1.375802 0.031702
123 1.379593 0.030990
133 1.383741 0.029899
145 1.393049 0.027161
159 1.402070 0.024231
174 1.401930 0.022806
192 1.411901 0.021038
214 1.419294 0.019150
240 1.423792 0.017312
272 1.429211 0.015153
313 1.433051 0.013527
368 1.439121 0.011527
446 1.443688 0.009590
566 1.449325 0.007612
777 1.456777 0.005625
1242 1.460208 0.003520
2606 1.465433 0.001712
