1 0.000000 0.000000
4 0.491815 0.145742
7 0.735266 0.137292
10 0.910496 0.110131
13 1.020872 0.096988
16 1.113256 0.079344
19 1.163184 0.070128
22 1.214805 0.064915
25 1.251920 0.060504
28 1.277998 0.056128
31 1.310290 0.052057
34 1.318762 0.049900
37 1.334432 0.049008
40 1.354971 0.044863
43 1.364598 0.042731
46 1.374070 0.040612
49 1.380239 0.039169
52 1.389398 0.037662
55 1.401265 0.035452
58 1.402874 0.034385
61 1.407464 0.033332
64 1.412009 0.031767
67 1.415084 0.031373
70 1.426626 0.029818
73 1.429292 0.028510
76 1.430188 0.027773
79 1.434686 0.026298
82 1.440464 0.026411
85 1.441490 0.025275
88 1.443809 0.024397
91 1.445859 0.023847
94 1.448102 0.023343
97 1.451810 0.022604
100 1.455245 0.022485
