1 0.000000 0.000000
2 0.095077 0.056863
4 0.207950 0.097165
5 0.266043 0.114957
7 0.368899 0.137206
8 0.411838 0.139374
9 0.476436 0.140685
11 0.532670 0.153105
12 0.616651 0.146836
13 0.609098 0.144101
15 0.665343 0.145807
16 0.722233 0.137376
18 0.730038 0.133214
19 0.775901 0.126483
21 0.820314 0.126594
23 0.835549 0.125961
24 0.848808 0.120936
26 0.890616 0.113244
28 0.930774 0.111857
31 0.974594 0.102880
33 0.985098 0.098944
35 1.024900 0.094435
38 1.056471 0.091879
40 1.063748 0.088761
43 1.074644 0.082154
46 1.092624 0.084314
50 1.147536 0.073920
53 1.149672 0.073750
57 1.176814 0.069416
62 1.199734 0.067596
66 1.215107 0.062914
71 1.221768 0.060769
77 1.235624 0.059270
83 1.254458 0.055743
90 1.265310 0.052733
98 1.284821 0.051095
107 1.305839 0.047516
118 1.312917 0.043640
130 1.323698 0.041063
144 1.338467 0.038371
161 1.348870 0.034784
182 1.363529 0.031259
209 1.373090 0.027678
245 1.382652 0.024074
296 1.390684 0.020530
374 1.405525 0.016574
515 1.415804 0.012415
872 1.426717 0.007314
2745 1.440091 0.002405
