1 0.000000 0.000000
2 0.013876 0.009425
3 0.026194 0.016553
4 0.025711 0.015676
5 0.063676 0.037785
6 0.069476 0.038574
7 0.072970 0.038832
8 0.065290 0.035995
9 0.085620 0.045662
10 0.100145 0.051970
12 0.101786 0.052342
14 0.122899 0.056972
16 0.156311 0.073122
19 0.166851 0.075533
22 0.187751 0.085764
26 0.248504 0.106441
31 0.285730 0.114829
37 0.298051 0.117464
44 0.342865 0.123827
52 0.406525 0.130788
62 0.462864 0.135090
74 0.512397 0.135244
88 0.548363 0.134874
105 0.623010 0.136946
126 0.679902 0.125053
151 0.740016 0.118453
181 0.778127 0.114321
217 0.835435 0.104710
260 0.877781 0.101218
312 0.921224 0.086513
374 0.943911 0.077597
448 0.972093 0.070693
537 0.989971 0.060666
644 1.010912 0.056524
772 1.023728 0.046389
926 1.032920 0.040735
1111 1.043615 0.034298
1333 1.054973 0.029630
1599 1.058272 0.024439
