1 0.000000 0.000000
2 0.130603 0.073470
3 0.210076 0.102165
4 0.299053 0.118546
5 0.358571 0.133535
6 0.398133 0.138905
7 0.496163 0.142163
8 0.514093 0.141759
9 0.564404 0.140018
10 0.610075 0.140167
11 0.640046 0.137220
12 0.685966 0.129967
13 0.694967 0.132962
14 0.738812 0.123292
15 0.748008 0.122535
16 0.789188 0.119837
17 0.772246 0.122278
18 0.816357 0.115032
19 0.823467 0.113235
20 0.826081 0.114032
22 0.863572 0.108988
24 0.895212 0.101901
26 0.908723 0.097705
28 0.929027 0.094817
30 0.933938 0.092431
33 0.958666 0.088206
36 0.974544 0.083254
39 0.989472 0.080858
42 1.006401 0.075783
46 1.004350 0.071353
