1 0.000000 0.000000
2 0.000538 0.000372
3 0.000127 0.000081
4 0.001949 0.001092
5 0.004480 0.002594
6 0.003848 0.002073
7 0.006052 0.003484
8 0.011392 0.006336
9 0.012551 0.007894
10 0.009556 0.006453
12 0.006801 0.003827
14 0.015909 0.009258
16 0.016814 0.010060
19 0.016636 0.009922
22 0.015353 0.007532
26 0.018739 0.010581
31 0.035732 0.020547
37 0.041982 0.020947
44 0.033452 0.016902
52 0.051289 0.029802
62 0.058054 0.030901
74 0.086693 0.044428
88 0.083535 0.043027
105 0.084072 0.042705
126 0.146906 0.071339
151 0.129120 0.062379
181 0.152342 0.073727
217 0.178573 0.084846
260 0.206171 0.091786
312 0.230454 0.096515
374 0.307072 0.115809
448 0.321204 0.118992
537 0.392340 0.127401
644 0.422498 0.134099
772 0.495383 0.137787
926 0.546226 0.140247
1111 0.604042 0.136215
1333 0.668427 0.129188
1599 0.700997 0.128027
1918 0.784295 0.114439
2301 0.811880 0.108561
2761 0.859132 0.100950
3313 0.878039 0.092145
3975 0.919662 0.082386
4770 0.949489 0.073994
5724 0.975611 0.063781
6868 0.992760 0.055331
8241 1.010874 0.047628
9889 1.023770 0.041778
11866 1.032188 0.036356
14239 1.036121 0.030377
