1 0.000000 0.000000
2 0.000139 0.000096
3 0.000725 0.000461
4 0.014664 0.008956
5 0.005456 0.003529
6 0.011775 0.007538
7 0.015099 0.008774
8 0.007292 0.004609
9 0.026912 0.016294
10 0.012220 0.006885
12 0.024365 0.014661
14 0.020043 0.011468
16 0.030153 0.016913
19 0.019977 0.011096
22 0.024537 0.014666
26 0.032863 0.017598
31 0.041466 0.021096
37 0.062569 0.033139
44 0.058448 0.031802
52 0.062615 0.033682
62 0.084552 0.043485
74 0.103950 0.051003
88 0.111956 0.056554
105 0.137528 0.064619
126 0.170571 0.075868
151 0.186613 0.085071
181 0.209882 0.090492
217 0.253640 0.102538
260 0.290725 0.116651
312 0.346412 0.123274
374 0.375140 0.126858
448 0.442705 0.134639
537 0.506376 0.135489
644 0.557263 0.132564
772 0.607915 0.133878
926 0.674546 0.130431
1111 0.726771 0.122399
1333 0.781804 0.111558
1599 0.824919 0.107969
1918 0.873556 0.099300
2301 0.896477 0.090163
2761 0.926029 0.081222
3313 0.956857 0.071642
3975 0.978854 0.064023
4770 0.994120 0.054546
5724 1.008974 0.046466
6868 1.018118 0.040528
8241 1.034420 0.034477
9889 1.047069 0.029862
11866 1.049117 0.024541
