1 0.000000 0.000000
2 0.000546 0.000378
3 0.019710 0.012570
4 0.016538 0.009745
5 0.028495 0.016156
6 0.026197 0.013913
7 0.052406 0.028963
8 0.059475 0.031109
9 0.058396 0.032866
10 0.080279 0.041969
12 0.102400 0.055226
14 0.096245 0.047711
16 0.124858 0.062816
19 0.102308 0.051045
22 0.147917 0.071448
26 0.209281 0.092578
31 0.211947 0.091367
37 0.255096 0.106626
44 0.257519 0.109187
52 0.278379 0.104925
62 0.341032 0.126514
74 0.402712 0.131852
88 0.444500 0.133749
105 0.530085 0.140061
126 0.555975 0.140096
151 0.629734 0.129463
181 0.682158 0.127345
217 0.722835 0.120906
260 0.787507 0.112878
312 0.824841 0.106647
374 0.858247 0.098903
448 0.912935 0.087760
537 0.941494 0.079745
644 0.960922 0.073527
772 0.986788 0.064495
926 0.996886 0.055606
1111 1.019236 0.048409
1333 1.033873 0.042763
1599 1.038800 0.035616
