1 0.000000 0.000000
2 0.139824 0.077368
3 0.259050 0.115873
4 0.364524 0.134788
5 0.430450 0.138865
6 0.506387 0.141190
7 0.559848 0.142401
8 0.626183 0.139068
9 0.651108 0.137380
10 0.718852 0.129215
11 0.741207 0.128888
12 0.756095 0.126629
13 0.785141 0.121092
14 0.804610 0.117317
15 0.834157 0.114883
16 0.860089 0.109938
17 0.863210 0.107406
18 0.886415 0.106227
19 0.894708 0.102704
20 0.915341 0.098738
22 0.930278 0.094992
24 0.950514 0.090476
26 0.969097 0.086975
28 0.978150 0.083077
30 0.993014 0.081913
33 1.000294 0.075995
36 1.020703 0.072515
39 1.032488 0.066597
42 1.040016 0.065442
46 1.050020 0.059733
50 1.056094 0.055861
55 1.066003 0.052303
60 1.074059 0.049487
66 1.082893 0.045966
72 1.093629 0.041979
79 1.095540 0.038904
86 1.101908 0.035670
94 1.107286 0.033621
103 1.115601 0.030765
113 1.117532 0.028690
124 1.125075 0.026065
136 1.123525 0.023871
