1 0.000000 0.000000
2 0.059719 0.037827
3 0.145210 0.076230
4 0.200289 0.096713
5 0.238108 0.105121
6 0.293712 0.120491
7 0.323131 0.123965
8 0.375471 0.129664
9 0.396471 0.137309
10 0.438725 0.134072
11 0.464354 0.142606
12 0.458835 0.134109
13 0.498468 0.141071
14 0.523697 0.144270
15 0.581102 0.139524
16 0.576874 0.142079
17 0.598257 0.135875
18 0.613898 0.134550
19 0.629575 0.136106
20 0.653436 0.138218
22 0.686129 0.131109
24 0.709611 0.132031
26 0.737643 0.124032
28 0.756025 0.119600
30 0.782980 0.115949
33 0.815636 0.114129
36 0.830225 0.110339
39 0.859122 0.104929
42 0.884963 0.101481
46 0.904837 0.095241
50 0.910758 0.094891
55 0.944599 0.087646
60 0.943689 0.086304
66 0.962517 0.080644
72 0.981708 0.075641
79 0.990202 0.071673
86 0.998214 0.067950
94 1.016385 0.063350
103 1.030019 0.058135
113 1.038000 0.055518
124 1.046803 0.052051
136 1.051013 0.047592
149 1.058068 0.044047
163 1.063852 0.041142
179 1.070136 0.037976
196 1.076214 0.035060
215 1.076954 0.032213
