1 0.000000 0.000000
2 0.029638 0.019665
3 0.094074 0.053235
4 0.108209 0.057480
5 0.110363 0.056929
6 0.150742 0.072624
7 0.173682 0.084786
8 0.212346 0.094175
9 0.229143 0.098408
10 0.243953 0.106942
11 0.274961 0.111817
12 0.311655 0.121975
13 0.296274 0.111535
14 0.342735 0.122784
15 0.337115 0.123136
16 0.339690 0.119841
17 0.385180 0.131814
18 0.378430 0.124385
19 0.393861 0.132617
20 0.440344 0.132868
22 0.466213 0.138128
24 0.503327 0.135020
26 0.492027 0.138665
28 0.539356 0.141248
30 0.527508 0.139141
33 0.586454 0.134049
36 0.618148 0.134675
39 0.651886 0.129399
42 0.645214 0.131685
46 0.703506 0.125549
50 0.723542 0.125081
55 0.713970 0.123681
60 0.764265 0.115855
66 0.795987 0.116768
72 0.820609 0.107429
79 0.848980 0.104553
86 0.859108 0.103685
94 0.884749 0.094610
103 0.898546 0.093923
113 0.927334 0.087171
124 0.938915 0.082798
136 0.950776 0.079499
149 0.972568 0.074659
163 0.980996 0.067846
179 0.993943 0.066723
196 1.003069 0.062423
215 1.006295 0.057433
236 1.021333 0.052662
259 1.033059 0.048750
284 1.037697 0.047631
312 1.042932 0.041972
343 1.048125 0.040037
377 1.048801 0.035321
