1 0.000000 0.000000
2 0.003299 0.002276
3 0.001386 0.000880
4 0.002995 0.002067
5 0.000829 0.000507
6 0.001358 0.000862
7 0.001375 0.000562
8 0.005024 0.003265
9 0.007065 0.004400
10 0.008537 0.004852
12 0.008713 0.004266
14 0.001258 0.000704
16 0.001847 0.000958
19 0.014149 0.007748
22 0.008785 0.004975
26 0.005541 0.003030
31 0.014767 0.008860
37 0.017185 0.008500
44 0.011146 0.006307
52 0.029486 0.016656
62 0.034046 0.018194
74 0.026987 0.015765
88 0.038617 0.020691
105 0.056068 0.029491
126 0.057637 0.030614
151 0.061651 0.032536
181 0.066681 0.033486
217 0.096084 0.048549
260 0.079501 0.042459
312 0.100082 0.049253
374 0.134755 0.064312
448 0.176998 0.082175
537 0.172106 0.076283
644 0.227340 0.098302
772 0.266760 0.107408
926 0.325559 0.119311
1111 0.349907 0.121899
1333 0.428404 0.130496
1599 0.477181 0.135366
1918 0.513742 0.135232
2301 0.550843 0.133373
2761 0.628440 0.134182
3313 0.700668 0.128830
3975 0.742747 0.120183
4770 0.785443 0.112346
5724 0.840059 0.103388
6868 0.881080 0.094178
8241 0.908153 0.089464
9889 0.945263 0.077328
11866 0.970823 0.066042
14239 0.992318 0.060555
17086 0.996418 0.052866
20503 1.015249 0.044075
24603 1.025398 0.038504
29523 1.031499 0.032856
