1 0.000000 0.000000
2 0.000000 0.000000
3 0.000000 0.000000
4 0.000223 0.000125
5 0.000000 0.000000
6 0.003791 0.002586
7 0.000000 0.000000
8 0.006947 0.004111
9 0.002022 0.001081
10 0.003332 0.002232
12 0.004098 0.002137
14 0.004994 0.002079
16 0.004848 0.002638
19 0.005608 0.003067
22 0.006357 0.003559
26 0.005898 0.003282
31 0.003890 0.002241
37 0.015640 0.009187
44 0.015746 0.010257
52 0.011643 0.005990
62 0.012451 0.006853
74 0.017302 0.010048
88 0.023300 0.011824
105 0.033996 0.019013
126 0.036649 0.020887
151 0.042830 0.025044
181 0.040392 0.022422
217 0.074636 0.040887
260 0.069062 0.036485
312 0.069913 0.034462
374 0.081455 0.040598
448 0.108683 0.050971
537 0.146966 0.070225
644 0.153184 0.073653
772 0.181005 0.080743
926 0.225723 0.094767
1111 0.263792 0.108694
1333 0.320038 0.114303
1599 0.352303 0.125354
1918 0.387574 0.129328
2301 0.447782 0.132080
2761 0.513442 0.134011
3313 0.538138 0.138856
3975 0.625065 0.133232
4770 0.675502 0.126841
5724 0.707184 0.122854
6868 0.786925 0.113272
8241 0.822711 0.102229
9889 0.871764 0.096317
11866 0.908027 0.086432
14239 0.932966 0.082032
17086 0.963303 0.068178
20503 0.982072 0.060814
24603 1.004452 0.052269
29523 1.013749 0.046431
