1 0.000000 0.000000
2 0.097750 0.058200
3 0.145137 0.075514
4 0.197584 0.093539
5 0.264749 0.110934
6 0.316897 0.121197
7 0.336932 0.125321
8 0.360239 0.128396
9 0.442911 0.137215
10 0.470412 0.140307
11 0.514867 0.144207
12 0.539853 0.138421
13 0.541673 0.138149
14 0.584565 0.137473
15 0.604291 0.136962
16 0.637700 0.137754
17 0.636172 0.133693
18 0.639222 0.134044
19 0.706284 0.130649
20 0.715950 0.132745
22 0.729845 0.124538
24 0.788355 0.117860
26 0.798365 0.117363
28 0.822118 0.112376
30 0.831410 0.112591
33 0.851131 0.107479
36 0.890815 0.101724
39 0.900155 0.096818
42 0.907828 0.096557
46 0.936242 0.091019
50 0.947970 0.087422
55 0.967542 0.082420
60 0.980140 0.078127
66 0.992277 0.073603
72 1.014111 0.069007
79 1.022280 0.063794
86 1.028580 0.062832
94 1.044460 0.057859
103 1.046940 0.052816
113 1.060907 0.048960
124 1.062307 0.045226
136 1.069535 0.042730
149 1.076311 0.040036
163 1.084202 0.036243
179 1.086140 0.033336
196 1.085201 0.030130
