1 0.000000 0.000000
2 0.026523 0.017681
3 0.031622 0.019141
4 0.050727 0.030435
5 0.073218 0.042767
6 0.069739 0.039920
7 0.103257 0.054033
8 0.126556 0.061756
9 0.118033 0.061291
10 0.149432 0.072702
12 0.166416 0.074057
14 0.177587 0.081623
16 0.217565 0.096436
19 0.245527 0.103121
22 0.303979 0.114932
26 0.330259 0.121658
31 0.350740 0.124454
37 0.410071 0.132687
44 0.498425 0.141067
52 0.553130 0.143523
62 0.599526 0.135334
74 0.627872 0.135038
88 0.686128 0.126478
105 0.760838 0.117509
126 0.780133 0.113845
151 0.839613 0.103966
181 0.874968 0.095151
217 0.924317 0.085554
260 0.947716 0.077497
312 0.975256 0.070589
374 0.989291 0.061128
448 1.013515 0.052599
537 1.024432 0.045747
644 1.040290 0.039917
772 1.045147 0.033443
