10 0.000000 0.000000
12 0.000617 0.000398
14 0.007276 0.004661
16 0.005990 0.002941
19 0.003841 0.001769
22 0.003839 0.002021
26 0.001170 0.000292
31 0.008881 0.004826
37 0.012457 0.007006
44 0.003240 0.002159
52 0.011658 0.006885
62 0.010218 0.006058
74 0.022855 0.012666
88 0.024872 0.014453
105 0.026517 0.014740
126 0.033421 0.017795
151 0.023072 0.013493
181 0.043119 0.024521
217 0.054704 0.029851
260 0.018209 0.010034
312 0.048389 0.026825
374 0.082432 0.043900
448 0.079746 0.039505
537 0.099473 0.050970
644 0.106895 0.052807
772 0.129946 0.060184
926 0.198681 0.089312
1111 0.171732 0.075948
1333 0.226763 0.098377
1599 0.247023 0.103804
1918 0.313814 0.113624
2301 0.343695 0.124991
2761 0.424992 0.130967
3313 0.438635 0.134534
3975 0.502724 0.139920
4770 0.585356 0.131633
5724 0.618393 0.137004
6868 0.684584 0.127100
8241 0.740241 0.121151
9889 0.787763 0.111183
11866 0.833494 0.105030
14239 0.886395 0.095845
17086 0.922889 0.087030
20503 0.946799 0.077038
24603 0.950700 0.068337
29523 0.979091 0.060388
35427 1.006847 0.054454
