1 0.000000 0.000000
2 0.064035 0.040285
3 0.128428 0.070359
4 0.153066 0.075257
5 0.177880 0.084245
6 0.252059 0.107754
7 0.275286 0.114632
8 0.308924 0.125315
9 0.366246 0.127202
10 0.385465 0.132478
11 0.395432 0.130590
12 0.445908 0.137760
13 0.492127 0.139076
14 0.498961 0.137354
15 0.526350 0.138157
16 0.532471 0.136649
17 0.563675 0.133749
18 0.569719 0.135281
19 0.605217 0.132411
20 0.620266 0.135794
22 0.629204 0.138424
24 0.668861 0.132980
26 0.683406 0.132700
28 0.705727 0.127130
30 0.732050 0.124935
33 0.757706 0.120090
36 0.808496 0.114098
39 0.812358 0.113872
42 0.845259 0.109163
46 0.869568 0.100899
50 0.885414 0.099377
55 0.902683 0.096179
60 0.919444 0.091461
66 0.926236 0.087738
72 0.961303 0.082821
79 0.978803 0.076790
86 0.989498 0.074845
94 0.996107 0.069787
103 1.007393 0.066427
113 1.016734 0.061733
124 1.026892 0.057469
136 1.030032 0.053281
149 1.049166 0.050151
163 1.053409 0.046354
179 1.060902 0.042156
196 1.063920 0.039819
215 1.065888 0.036889
236 1.073162 0.033899
259 1.078817 0.030981
