1 0.000000 0.000000
2 0.047000 0.030369
3 0.097403 0.054662
4 0.135436 0.069060
5 0.172764 0.083743
6 0.225840 0.102071
7 0.216196 0.094625
8 0.258419 0.110177
9 0.282056 0.114444
10 0.326935 0.127146
11 0.345873 0.123323
12 0.382098 0.128466
13 0.383127 0.132505
14 0.407006 0.136688
15 0.439197 0.134297
16 0.471382 0.138492
17 0.481554 0.138398
18 0.463013 0.136593
19 0.527460 0.138945
20 0.532341 0.133590
22 0.565511 0.141501
24 0.570928 0.139997
26 0.596229 0.133452
28 0.645312 0.131911
30 0.665390 0.129973
33 0.699161 0.128424
36 0.730768 0.124241
39 0.749273 0.119582
42 0.777141 0.119688
46 0.803469 0.114214
50 0.842803 0.107246
55 0.852920 0.105290
60 0.866574 0.101499
66 0.897436 0.096073
72 0.912056 0.093016
79 0.925481 0.089233
86 0.947687 0.086020
94 0.954587 0.079463
103 0.968108 0.076860
113 0.978401 0.071308
124 0.999171 0.066568
136 1.008845 0.062189
149 1.015103 0.059511
163 1.028728 0.054238
179 1.030923 0.050878
196 1.039859 0.047577
215 1.045779 0.045722
236 1.058439 0.040795
259 1.063170 0.037041
284 1.064689 0.034270
312 1.070379 0.031834
343 1.077759 0.029130
377 1.083857 0.026870
414 1.082383 0.024966
