1 0.000000 0.000000
2 0.000413 0.000286
3 0.000000 0.000000
4 0.005324 0.003230
5 0.013550 0.008509
6 0.006679 0.003306
7 0.013103 0.006418
8 0.028542 0.016027
9 0.015560 0.009803
10 0.022921 0.013606
12 0.026224 0.015269
14 0.014504 0.008800
16 0.039805 0.021334
19 0.035764 0.019173
22 0.033123 0.016498
26 0.037859 0.022000
31 0.041674 0.023087
37 0.084241 0.042531
44 0.102742 0.050805
52 0.076783 0.040781
62 0.095069 0.046782
74 0.138381 0.065467
88 0.174801 0.083094
105 0.207229 0.091604
126 0.222978 0.096505
151 0.266153 0.104773
181 0.291144 0.110495
217 0.347156 0.121633
260 0.402675 0.129703
312 0.460450 0.134190
374 0.524208 0.135590
448 0.555143 0.140360
537 0.627548 0.134158
644 0.692527 0.126301
772 0.756263 0.119154
926 0.791520 0.114147
1111 0.835420 0.104518
1333 0.870040 0.096251
1599 0.905693 0.085719
1918 0.939274 0.077714
2301 0.957477 0.069853
2761 0.986730 0.061703
3313 1.005930 0.053148
3975 1.019177 0.046625
4770 1.032061 0.039341
5724 1.037446 0.033398
6868 1.047318 0.028832
8241 1.049573 0.023906
