1 0.000000 0.000000
2 0.024595 0.016443
3 0.039727 0.024335
4 0.093665 0.051759
5 0.126707 0.067056
6 0.116764 0.059032
7 0.135760 0.068880
8 0.158432 0.076017
9 0.160661 0.079449
10 0.227765 0.096270
11 0.194661 0.090664
12 0.250067 0.103689
13 0.238104 0.102686
14 0.272145 0.110753
15 0.253886 0.102264
16 0.265738 0.110618
17 0.287873 0.110696
18 0.312019 0.119015
19 0.331085 0.121292
20 0.368336 0.126430
22 0.330418 0.123238
24 0.401902 0.134646
26 0.429430 0.131406
28 0.474683 0.132339
30 0.484224 0.133653
33 0.510115 0.137584
36 0.522680 0.136757
39 0.527017 0.145131
42 0.584657 0.134903
46 0.614190 0.130371
50 0.639382 0.130554
55 0.657600 0.131861
60 0.688426 0.132093
66 0.707602 0.127765
72 0.759581 0.120881
79 0.786677 0.112892
86 0.785404 0.113280
94 0.822148 0.106197
103 0.843994 0.107230
113 0.848975 0.102208
124 0.893100 0.097836
136 0.912390 0.093094
149 0.919852 0.087837
163 0.935079 0.082088
179 0.956060 0.078510
196 0.958638 0.072938
215 0.981657 0.069930
236 0.991983 0.065065
259 1.001678 0.059952
284 1.005205 0.055951
312 1.018555 0.053147
343 1.024038 0.049543
377 1.029068 0.045412
414 1.038314 0.041944
455 1.044744 0.039049
500 1.052113 0.035146
550 1.057284 0.032670
605 1.058688 0.029752
665 1.062179 0.027407
731 1.070903 0.025361
804 1.078250 0.023396
884 1.073849 0.021288
