1 0.000000 0.000000
2 0.029680 0.019692
3 0.048068 0.029012
4 0.052827 0.029591
5 0.067441 0.036036
6 0.069184 0.037663
7 0.119871 0.061472
8 0.103118 0.052451
9 0.136099 0.068671
10 0.134337 0.066315
11 0.136507 0.065565
12 0.178536 0.084271
13 0.163589 0.076810
14 0.176672 0.082509
15 0.221681 0.094067
16 0.208233 0.094914
17 0.237178 0.099354
18 0.258229 0.109738
19 0.286774 0.113528
20 0.292161 0.110783
22 0.312830 0.116792
24 0.304218 0.114358
26 0.337890 0.126945
28 0.360525 0.127083
30 0.403850 0.132941
33 0.411367 0.133796
36 0.427513 0.135275
39 0.459653 0.132143
42 0.493584 0.138960
46 0.497258 0.137080
50 0.530256 0.133627
55 0.582402 0.135990
60 0.611296 0.133538
66 0.623830 0.131972
72 0.671358 0.128721
79 0.680946 0.129016
86 0.710396 0.126153
94 0.742070 0.118670
103 0.778167 0.118783
113 0.784759 0.114691
124 0.825119 0.107911
136 0.838038 0.103229
149 0.863464 0.099718
163 0.870549 0.098887
179 0.899595 0.091314
196 0.909064 0.089089
215 0.936743 0.083404
236 0.935912 0.080057
259 0.965520 0.075161
284 0.969796 0.069688
312 0.983145 0.065509
343 0.996203 0.061294
377 1.006068 0.055509
414 1.012157 0.054717
455 1.023832 0.048773
500 1.037634 0.045716
550 1.039009 0.042797
605 1.036066 0.038941
