1 0.000000 0.000000
2 0.000000 0.000000
3 0.009557 0.005992
4 0.005411 0.003278
5 0.019745 0.011073
6 0.011525 0.006188
7 0.029790 0.016516
8 0.030335 0.017237
9 0.023809 0.013947
10 0.026222 0.014179
12 0.045235 0.024711
14 0.028619 0.013965
16 0.039068 0.021361
19 0.062907 0.034094
22 0.055996 0.030898
26 0.070967 0.036232
31 0.087906 0.045502
37 0.125499 0.062297
44 0.128807 0.065326
52 0.141731 0.067972
62 0.200283 0.084089
74 0.189312 0.084796
88 0.234565 0.103172
105 0.286627 0.109800
126 0.383517 0.128473
151 0.387178 0.127832
181 0.406397 0.129571
217 0.438454 0.132177
260 0.517532 0.136094
312 0.591635 0.137212
374 0.625850 0.132735
448 0.709887 0.122528
537 0.749411 0.121074
644 0.793319 0.109970
772 0.834882 0.105827
926 0.875339 0.094370
1111 0.922200 0.086916
1333 0.940586 0.075158
1599 0.970667 0.066744
1918 0.994005 0.057538
2301 1.019725 0.050986
2761 1.022263 0.045247
