1 0.000000 0.000000
2 0.032148 0.021250
3 0.053873 0.031807
4 0.068238 0.038206
5 0.096464 0.051133
6 0.125923 0.065783
7 0.136074 0.068765
8 0.160838 0.074814
9 0.161477 0.075558
10 0.207390 0.090980
11 0.233820 0.099795
12 0.265843 0.109972
13 0.285226 0.108783
14 0.298314 0.116344
15 0.314753 0.122060
16 0.342860 0.126468
17 0.334312 0.120754
18 0.381831 0.130811
19 0.379182 0.125655
20 0.368616 0.123507
22 0.423860 0.132642
24 0.428217 0.136091
26 0.443164 0.132479
28 0.459300 0.134029
30 0.517222 0.137866
33 0.536454 0.139131
36 0.552082 0.139516
39 0.596981 0.136704
42 0.615996 0.133442
46 0.630512 0.132556
50 0.688638 0.131909
55 0.718300 0.127398
60 0.729851 0.121157
66 0.746664 0.120296
72 0.793859 0.113711
79 0.816014 0.110362
86 0.831255 0.106038
94 0.858690 0.104197
103 0.868167 0.097813
113 0.892022 0.093995
124 0.902351 0.089096
136 0.939253 0.086119
149 0.936639 0.081099
163 0.956683 0.077352
179 0.972940 0.074427
196 0.986061 0.067037
215 1.000408 0.063951
236 1.005452 0.059931
259 1.013214 0.056567
284 1.026292 0.052362
312 1.028233 0.048836
343 1.026891 0.043879
