1 0.000000 0.000000
2 0.000000 0.000000
3 0.006211 0.003915
4 0.000000 0.000000
5 0.001587 0.000792
6 0.007267 0.003842
7 0.002852 0.001290
8 0.003297 0.002170
9 0.005680 0.003470
10 0.005055 0.002985
12 0.011446 0.006259
14 0.010374 0.005102
16 0.007969 0.004634
19 0.018302 0.011176
22 0.020114 0.011997
26 0.012132 0.006755
31 0.024944 0.014691
37 0.021796 0.012551
44 0.020242 0.011721
52 0.030188 0.017690
62 0.031154 0.016646
74 0.044367 0.023924
88 0.046899 0.025342
105 0.069683 0.036415
126 0.073637 0.038787
151 0.091155 0.047568
181 0.084700 0.042691
217 0.123151 0.059779
260 0.146945 0.071687
312 0.196484 0.088351
374 0.207946 0.089269
448 0.228141 0.097958
537 0.295424 0.113228
644 0.308032 0.117320
772 0.365054 0.123735
926 0.413408 0.129558
1111 0.479587 0.135283
1333 0.549960 0.132416
1599 0.590351 0.132511
1918 0.649365 0.129038
2301 0.720166 0.120892
2761 0.758410 0.117735
3313 0.791876 0.113307
3975 0.867941 0.101920
4770 0.871778 0.090710
5724 0.919774 0.083706
6868 0.939750 0.075711
8241 0.974524 0.066411
9889 0.989724 0.057886
11866 1.010098 0.050035
14239 1.018672 0.042906
17086 1.033268 0.036649
20503 1.041739 0.030933
24603 1.045713 0.026322
