1 0.000000 0.000000
2 0.004732 0.003257
3 0.004285 0.002821
4 0.008057 0.004536
5 0.016494 0.008951
6 0.020764 0.012656
7 0.039515 0.023536
8 0.028529 0.016172
9 0.044311 0.022779
10 0.045737 0.024304
12 0.050140 0.027485
14 0.061161 0.032449
16 0.072715 0.038805
19 0.069251 0.035263
22 0.103576 0.054471
26 0.129867 0.059328
31 0.141741 0.069292
37 0.157940 0.073773
44 0.197102 0.083582
52 0.213353 0.094249
62 0.235376 0.100503
74 0.262501 0.108910
88 0.328265 0.116716
105 0.391823 0.128748
126 0.423977 0.128702
151 0.433554 0.135786
181 0.543626 0.136830
217 0.591038 0.140737
260 0.655862 0.135961
312 0.706283 0.124840
374 0.765166 0.117088
448 0.820397 0.109754
537 0.864254 0.100370
644 0.894292 0.089243
772 0.929606 0.084299
926 0.958151 0.072609
1111 0.981723 0.066216
1333 0.993544 0.056484
1599 1.017939 0.048586
1918 1.022761 0.042682
