1 0.000000 0.000000
2 0.113657 0.065863
3 0.184213 0.090254
4 0.243780 0.107466
5 0.326882 0.124351
6 0.356826 0.128081
7 0.417886 0.136059
8 0.446032 0.141759
9 0.481179 0.142264
10 0.527127 0.140109
11 0.576973 0.137075
12 0.576709 0.146211
13 0.626405 0.136542
14 0.650817 0.137483
15 0.671833 0.131189
16 0.701141 0.133460
17 0.730499 0.126767
18 0.743983 0.125547
19 0.742954 0.127496
20 0.777873 0.117853
22 0.796133 0.116996
24 0.819465 0.112517
26 0.850096 0.109527
28 0.852685 0.108095
30 0.878466 0.103272
33 0.908917 0.096933
36 0.921520 0.093324
39 0.937847 0.091730
42 0.961186 0.086345
46 0.972065 0.084517
50 0.981562 0.079375
55 0.997571 0.074558
60 1.010651 0.070534
66 1.034032 0.064437
72 1.035096 0.063009
79 1.049354 0.055218
86 1.051185 0.053930
94 1.060321 0.050238
103 1.067779 0.046673
113 1.074989 0.042634
124 1.086012 0.038708
136 1.094092 0.035986
149 1.096494 0.033868
163 1.098321 0.029973
179 1.095447 0.028437
