1 0.000000 0.000000
2 0.211585 0.101891
3 0.363176 0.133664
4 0.469686 0.141268
5 0.566898 0.144039
6 0.627518 0.137867
7 0.673168 0.134546
8 0.733768 0.128773
9 0.774446 0.125194
10 0.795514 0.119438
11 0.827565 0.114449
12 0.861001 0.111110
13 0.887715 0.106594
14 0.901657 0.103590
15 0.924286 0.100130
16 0.938492 0.095823
17 0.945370 0.094091
18 0.958659 0.090112
19 0.978720 0.089402
20 0.986921 0.084351
22 1.000000 0.081177
24 1.017275 0.076587
26 1.025157 0.072647
28 1.034205 0.069862
30 1.045923 0.066609
33 1.053551 0.061882
36 1.065956 0.057523
39 1.073482 0.053268
42 1.081488 0.052130
46 1.088782 0.047299
50 1.096135 0.044363
55 1.106353 0.040727
60 1.106546 0.038221
