1 0.000000 0.000000
2 0.064704 0.040663
3 0.138229 0.074323
4 0.184376 0.094913
5 0.255181 0.113954
6 0.247326 0.103986
7 0.317759 0.121968
8 0.327740 0.125704
9 0.394522 0.138270
10 0.394889 0.137207
12 0.472728 0.145099
14 0.537192 0.141879
16 0.605987 0.143714
19 0.667059 0.143280
22 0.718815 0.140921
26 0.787862 0.129810
31 0.861130 0.120627
37 0.956641 0.100522
44 1.010340 0.097622
52 1.065618 0.086165
62 1.131262 0.077875
74 1.180449 0.068905
88 1.213010 0.061840
105 1.245403 0.055959
126 1.277774 0.049055
151 1.308953 0.042834
181 1.330594 0.037461
217 1.345242 0.032676
260 1.359421 0.028391
312 1.372433 0.024021
374 1.381821 0.020635
448 1.392343 0.017323
537 1.398994 0.014744
644 1.406003 0.012560
772 1.408289 0.010613
926 1.414620 0.008909
1111 1.419613 0.007204
1333 1.418088 0.006213
