1 0.000000 0.000000
2 0.000000 0.000000
3 0.001157 0.000735
4 0.002762 0.001545
5 0.000646 0.000434
6 0.009020 0.004942
7 0.000318 0.000130
8 0.000946 0.000580
9 0.001625 0.000872
10 0.004422 0.002516
11 0.000000 0.000000
12 0.005303 0.002943
13 0.005289 0.003221
14 0.010113 0.006029
15 0.009241 0.005085
16 0.005771 0.003639
17 0.000336 0.000121
18 0.004053 0.002487
19 0.005288 0.003343
20 0.001685 0.001108
22 0.003421 0.001588
24 0.012756 0.007042
26 0.005725 0.003036
28 0.002559 0.000992
30 0.010833 0.006983
33 0.005594 0.003315
36 0.004424 0.001299
39 0.014304 0.008737
42 0.004089 0.002143
46 0.010872 0.005943
50 0.013571 0.008303
55 0.018541 0.010147
60 0.019073 0.010759
66 0.012917 0.006364
72 0.013880 0.008248
79 0.021206 0.011297
86 0.017210 0.010130
94 0.027658 0.017110
103 0.022244 0.013087
113 0.028237 0.015607
124 0.022759 0.011235
136 0.034107 0.018327
149 0.034669 0.017801
163 0.057424 0.029599
179 0.055585 0.030154
196 0.051231 0.028389
215 0.061516 0.031997
236 0.075840 0.039383
259 0.063586 0.033215
284 0.080773 0.043740
312 0.096037 0.049778
343 0.084673 0.043811
377 0.096126 0.046578
414 0.101761 0.055432
455 0.147972 0.068827
500 0.157101 0.076784
550 0.135344 0.066872
605 0.165205 0.075801
665 0.183346 0.082058
731 0.172161 0.078766
804 0.209156 0.092941
884 0.204609 0.087998
972 0.220661 0.098930
1069 0.252542 0.103559
1175 0.252053 0.105062
1292 0.335499 0.128745
1421 0.339666 0.125493
1563 0.325278 0.124336
1719 0.384413 0.136736
1890 0.399567 0.133004
2079 0.403599 0.139229
2286 0.424880 0.137766
2514 0.497040 0.142569
2765 0.534736 0.136774
3041 0.615416 0.141973
3345 0.591414 0.144324
3679 0.637625 0.141186
4046 0.675356 0.136367
4450 0.696500 0.133948
4895 0.736482 0.130949
5384 0.815908 0.119052
5922 0.823377 0.123040
6514 0.878721 0.114225
7165 0.910295 0.112076
7881 0.927496 0.105621
8669 0.961675 0.102831
9535 1.012117 0.095615
10488 1.044776 0.088221
11536 1.085184 0.085158
12689 1.098243 0.083772
13957 1.119247 0.075202
15352 1.146744 0.071349
16887 1.160802 0.068684
18575 1.179653 0.065069
20432 1.216398 0.058513
22475 1.218590 0.057776
24722 1.245207 0.051296
27194 1.252564 0.049847
29913 1.269564 0.044629
