1 0.000000 0.000000
2 0.007928 0.005433
3 0.007069 0.004449
4 0.016260 0.010428
5 0.008146 0.005052
6 0.013282 0.007363
7 0.027237 0.015906
8 0.012191 0.006541
9 0.036014 0.020478
10 0.029231 0.016441
11 0.022242 0.011553
12 0.031563 0.017230
13 0.021198 0.011670
14 0.042138 0.022278
15 0.046759 0.024491
16 0.040963 0.022857
17 0.045878 0.026440
18 0.038436 0.020101
19 0.036256 0.019390
20 0.059186 0.034519
22 0.067114 0.036457
24 0.056934 0.029974
26 0.077191 0.039169
28 0.074083 0.038236
30 0.071720 0.037713
33 0.096524 0.050202
36 0.101708 0.050872
39 0.098102 0.053119
42 0.116525 0.057220
46 0.144647 0.068820
50 0.132794 0.065642
55 0.148786 0.068449
60 0.175055 0.082736
66 0.153847 0.076018
72 0.164881 0.074531
79 0.211703 0.091463
86 0.260482 0.109542
94 0.260867 0.110517
103 0.284922 0.116655
113 0.271651 0.109689
124 0.329787 0.129421
136 0.365508 0.133836
149 0.327246 0.124093
163 0.388324 0.134928
179 0.408990 0.133177
196 0.420917 0.140159
215 0.480498 0.144706
236 0.465921 0.143830
259 0.502535 0.138026
284 0.558565 0.141850
312 0.627466 0.137287
343 0.656463 0.145529
377 0.698055 0.137567
414 0.731704 0.141543
455 0.748344 0.130726
500 0.799753 0.124332
550 0.835054 0.123016
605 0.894195 0.115659
665 0.908481 0.114791
731 0.934579 0.104140
804 0.987920 0.098876
884 1.036715 0.089274
972 1.051927 0.086183
1069 1.073972 0.084515
1175 1.089581 0.080507
1292 1.107794 0.079602
1421 1.144032 0.072742
1563 1.165182 0.067006
1719 1.184162 0.065469
1890 1.207327 0.060183
2079 1.222801 0.057359
2286 1.238416 0.053867
2514 1.256212 0.050110
2765 1.271928 0.047368
3041 1.282313 0.042520
3345 1.283994 0.040519
3679 1.289455 0.037547
4046 1.305274 0.034417
4450 1.313051 0.033571
4895 1.319680 0.029511
5384 1.328282 0.027494
5922 1.334021 0.024863
6514 1.334201 0.022655
