1 0.000000 0.000000
2 0.226315 0.105651
3 0.382926 0.136658
4 0.530732 0.145354
5 0.637653 0.142782
6 0.725873 0.137684
7 0.806467 0.127373
8 0.867862 0.118105
9 0.929001 0.110025
10 0.966801 0.103248
12 1.045824 0.089010
14 1.095578 0.083812
16 1.152539 0.075314
19 1.205926 0.066487
22 1.252461 0.060523
26 1.295221 0.053958
31 1.335892 0.049240
37 1.365159 0.043997
44 1.386743 0.039056
52 1.414775 0.034171
62 1.432614 0.029269
74 1.449225 0.025774
88 1.461977 0.021914
105 1.474600 0.019184
126 1.481591 0.015958
151 1.492151 0.013649
181 1.496684 0.011482
217 1.504390 0.009672
260 1.508877 0.008069
312 1.513600 0.006852
374 1.515737 0.005668
448 1.519157 0.004721
537 1.520595 0.003989
