1 0.000000 0.000000
2 0.001798 0.001243
3 0.007935 0.004988
4 0.012445 0.007131
5 0.020597 0.011399
6 0.019616 0.011426
7 0.029956 0.017181
8 0.023286 0.012997
9 0.021785 0.012110
10 0.037772 0.020429
11 0.038646 0.021571
12 0.058677 0.033097
13 0.043877 0.022247
14 0.061080 0.033016
15 0.058700 0.033167
16 0.049716 0.026412
17 0.071212 0.039682
18 0.054233 0.029017
19 0.077015 0.039200
20 0.054234 0.030260
22 0.102227 0.054124
24 0.080018 0.042376
26 0.122330 0.062335
28 0.099121 0.051443
30 0.088421 0.045662
33 0.109873 0.056739
36 0.144361 0.074256
39 0.138863 0.064897
42 0.148208 0.070718
46 0.140438 0.069323
50 0.156069 0.075350
55 0.186960 0.082576
60 0.177925 0.080082
66 0.185373 0.081462
72 0.247196 0.101316
79 0.277064 0.113021
86 0.287244 0.116578
94 0.293351 0.114754
103 0.294550 0.118814
113 0.352011 0.125962
124 0.375648 0.130486
136 0.427065 0.143931
149 0.410317 0.137060
163 0.427536 0.135248
179 0.452960 0.140926
196 0.525296 0.144188
215 0.543316 0.148195
236 0.616310 0.143591
259 0.622504 0.142582
284 0.658742 0.141263
312 0.706790 0.140686
343 0.745170 0.131121
377 0.769365 0.135559
414 0.822730 0.124677
455 0.847735 0.119138
500 0.921603 0.109180
550 0.946502 0.108417
605 0.965093 0.102437
665 0.995360 0.097912
731 1.038887 0.091360
804 1.065891 0.083500
884 1.082862 0.080799
972 1.106882 0.077170
1069 1.144900 0.070422
1175 1.171374 0.068118
1292 1.171661 0.067272
1421 1.197525 0.061247
1563 1.217594 0.056951
1719 1.226456 0.055406
1890 1.249262 0.051452
2079 1.272308 0.046359
2286 1.276615 0.043488
2514 1.283779 0.040793
2765 1.296617 0.038334
3041 1.314382 0.034668
3345 1.316576 0.032185
