1 0.000000 0.000000
2 0.000000 0.000000
3 0.000127 0.000081
4 0.000223 0.000125
5 0.003193 0.001720
6 0.000912 0.000631
7 0.002853 0.001162
8 0.000000 0.000000
9 0.002940 0.001804
10 0.004047 0.002542
11 0.002417 0.001397
12 0.001699 0.000759
13 0.005291 0.002482
14 0.014506 0.008134
15 0.004962 0.003207
16 0.007319 0.004557
17 0.005103 0.003306
18 0.004313 0.003075
19 0.004214 0.002646
20 0.005237 0.002584
22 0.006075 0.002441
24 0.011520 0.006335
26 0.004854 0.001948
28 0.008563 0.005235
30 0.009463 0.005209
33 0.008354 0.004633
36 0.012963 0.005787
39 0.012048 0.007128
42 0.005397 0.002887
46 0.016476 0.009353
50 0.017709 0.009936
55 0.022009 0.013085
60 0.016270 0.009123
66 0.013955 0.007362
72 0.024409 0.012617
79 0.027381 0.015767
86 0.036717 0.020013
94 0.041581 0.023739
103 0.027996 0.015150
113 0.040891 0.021459
124 0.032425 0.018179
136 0.037125 0.020050
149 0.048238 0.025986
163 0.043495 0.021544
179 0.055339 0.030628
196 0.055537 0.029431
215 0.084333 0.046895
236 0.045948 0.023927
259 0.091404 0.047324
284 0.099451 0.049122
312 0.107236 0.053631
343 0.110848 0.055277
377 0.120766 0.061621
414 0.135321 0.066101
455 0.154937 0.072828
500 0.172912 0.080720
550 0.188383 0.088886
605 0.193947 0.091708
665 0.190037 0.085302
731 0.234909 0.100846
804 0.237642 0.099920
884 0.285098 0.112508
972 0.261390 0.112444
1069 0.294285 0.117622
1175 0.342418 0.124986
1292 0.383155 0.129787
1421 0.410559 0.138197
1563 0.419245 0.135188
1719 0.453291 0.140036
1890 0.470239 0.144401
2079 0.550615 0.149024
2286 0.551105 0.150660
2514 0.608849 0.144117
2765 0.653134 0.141862
3041 0.685351 0.140689
3345 0.720731 0.135094
3679 0.758145 0.140194
4046 0.805772 0.129625
4450 0.841501 0.123816
4895 0.858363 0.116848
5384 0.900726 0.109791
5922 0.932268 0.109245
6514 0.976360 0.101297
7165 1.011726 0.094082
7881 1.044860 0.093525
8669 1.065011 0.085881
9535 1.100493 0.078874
10488 1.115103 0.074826
11536 1.149280 0.071936
12689 1.164386 0.070201
13957 1.186651 0.063091
15352 1.197972 0.060715
16887 1.217489 0.055793
18575 1.225389 0.054292
20432 1.253867 0.050413
22475 1.259532 0.047516
24722 1.275147 0.044053
27194 1.277775 0.040938
29913 1.285315 0.038883
