1 0.000000 0.000000
2 0.008510 0.005826
3 0.020822 0.012820
4 0.021907 0.012030
5 0.032301 0.018450
6 0.043011 0.025323
7 0.030317 0.017708
8 0.044810 0.025028
9 0.056310 0.031329
10 0.064853 0.036778
11 0.059513 0.031551
12 0.090517 0.049603
13 0.066159 0.036717
14 0.090115 0.048438
15 0.083886 0.044694
16 0.114093 0.055492
17 0.099823 0.054023
18 0.096834 0.048936
19 0.126013 0.060626
20 0.139933 0.072997
22 0.108472 0.053932
24 0.141321 0.068752
26 0.119337 0.058011
28 0.157259 0.072137
30 0.176860 0.084939
33 0.198476 0.085222
36 0.204329 0.093972
39 0.235501 0.102561
42 0.239645 0.102679
46 0.271094 0.111382
50 0.240793 0.105863
55 0.287214 0.116517
60 0.319546 0.121144
66 0.355751 0.125507
72 0.384299 0.136587
79 0.404438 0.137810
86 0.434030 0.139389
94 0.469557 0.146368
103 0.496472 0.138149
113 0.492635 0.148298
124 0.547746 0.148031
136 0.572899 0.148456
149 0.627954 0.143799
163 0.710894 0.139981
179 0.693878 0.137059
196 0.741071 0.132769
215 0.748089 0.130034
236 0.826558 0.118813
259 0.844547 0.127744
284 0.916300 0.109814
312 0.923458 0.108590
343 0.962718 0.099216
377 0.983522 0.100523
414 1.020170 0.092106
455 1.049877 0.086880
500 1.082811 0.080921
550 1.113301 0.076688
605 1.125182 0.073568
665 1.161356 0.068972
731 1.168522 0.068442
804 1.193062 0.064407
884 1.223392 0.056987
972 1.228286 0.055777
1069 1.245771 0.051958
1175 1.259042 0.048029
1292 1.270094 0.046152
1421 1.271088 0.042711
1563 1.291752 0.039070
1719 1.300077 0.036437
1890 1.309087 0.033677
2079 1.315352 0.031400
2286 1.322030 0.028679
2514 1.329671 0.026570
2765 1.338455 0.023966
3041 1.343178 0.022320
