1 0.000000 0.000000
2 0.020152 0.013562
3 0.036387 0.022310
4 0.052412 0.029863
5 0.071682 0.039805
6 0.072033 0.038606
7 0.103888 0.057839
8 0.098698 0.050625
9 0.129958 0.064948
10 0.148991 0.072317
12 0.150919 0.076705
14 0.183514 0.082418
16 0.192789 0.085320
19 0.219761 0.097591
22 0.275679 0.113334
26 0.315713 0.118295
31 0.359197 0.126742
37 0.434026 0.141132
44 0.448174 0.144137
52 0.525241 0.150690
62 0.591428 0.141676
74 0.675049 0.141306
88 0.748624 0.128404
105 0.803920 0.129385
126 0.889967 0.112091
151 0.937018 0.108183
181 0.997998 0.092934
217 1.076180 0.082632
260 1.123496 0.075788
312 1.180620 0.065264
374 1.211529 0.060254
448 1.234033 0.054981
537 1.265575 0.048610
644 1.293160 0.042064
772 1.308610 0.036773
926 1.319765 0.031385
1111 1.333302 0.026912
1333 1.347528 0.022442
1599 1.358606 0.018724
1918 1.359481 0.016044
