1 0.000000 0.000000
2 0.043737 0.028403
3 0.100657 0.057526
4 0.112682 0.060839
5 0.121532 0.061069
6 0.175093 0.084261
7 0.218561 0.096084
8 0.218850 0.098208
9 0.231489 0.098707
10 0.263291 0.110846
12 0.302042 0.119663
14 0.319280 0.124797
16 0.407994 0.139460
19 0.450996 0.147368
22 0.502657 0.149445
26 0.580093 0.149120
31 0.614537 0.150529
37 0.734311 0.138049
44 0.799841 0.123918
52 0.833566 0.122447
62 0.937099 0.109781
74 0.980778 0.098311
88 1.058610 0.087798
105 1.115982 0.075946
126 1.151635 0.070118
151 1.199813 0.064737
181 1.238604 0.056819
217 1.264545 0.050618
260 1.293766 0.043907
312 1.306334 0.038862
374 1.328002 0.033964
448 1.341200 0.028404
537 1.353692 0.024593
644 1.364091 0.020583
772 1.375222 0.017665
926 1.378179 0.014988
1111 1.386578 0.012585
1333 1.392445 0.010575
1599 1.394659 0.008933
1918 1.401388 0.007297
2301 1.400875 0.006181
