1 0.000000 0.000000
2 0.040261 0.026286
3 0.102230 0.056933
4 0.121175 0.066424
5 0.173235 0.080202
6 0.211513 0.098521
7 0.245251 0.108988
8 0.309276 0.123227
9 0.327265 0.126248
10 0.328807 0.127653
12 0.393746 0.137857
14 0.466333 0.142575
16 0.500458 0.142457
19 0.542508 0.137802
22 0.624898 0.141904
26 0.673049 0.139786
31 0.793453 0.123582
37 0.826922 0.120642
44 0.901718 0.115756
52 0.972463 0.098715
62 1.035894 0.091532
74 1.096643 0.083978
88 1.139653 0.073855
105 1.189370 0.066038
126 1.223128 0.060638
151 1.260407 0.053307
181 1.282105 0.047086
217 1.313900 0.041323
260 1.322955 0.035411
312 1.348543 0.030187
374 1.352256 0.026209
448 1.365376 0.022461
537 1.378840 0.019016
644 1.385515 0.015992
772 1.391211 0.013726
926 1.395744 0.011428
1111 1.400254 0.009586
1333 1.404024 0.008224
1599 1.408857 0.006773
1918 1.412428 0.005595
2301 1.413543 0.004780
