1 0.000000 0.000000
2 0.000000 0.000000
3 0.004490 0.002838
4 0.007131 0.004382
5 0.007806 0.004864
6 0.014652 0.009126
7 0.024020 0.013812
8 0.018574 0.010022
9 0.016230 0.009394
10 0.020009 0.012249
11 0.013468 0.008003
12 0.026406 0.014757
13 0.028412 0.015125
14 0.029015 0.015759
15 0.036358 0.019041
16 0.043211 0.022714
17 0.036056 0.019747
18 0.041922 0.023036
19 0.034340 0.018225
20 0.041129 0.022975
22 0.055274 0.031981
24 0.050418 0.027307
26 0.049328 0.027526
28 0.073556 0.037367
30 0.069631 0.036182
33 0.078566 0.041361
36 0.058641 0.029065
39 0.079032 0.042181
42 0.098359 0.052496
46 0.086376 0.047537
50 0.073090 0.038909
55 0.114565 0.056188
60 0.103470 0.051095
66 0.105970 0.052196
72 0.151935 0.072114
79 0.146343 0.072282
86 0.186869 0.084500
94 0.190603 0.087216
103 0.218204 0.099486
113 0.221279 0.091027
124 0.237187 0.104021
136 0.260605 0.109490
149 0.276848 0.112754
163 0.306323 0.119782
179 0.334288 0.125211
196 0.360721 0.132078
215 0.374358 0.131585
236 0.436384 0.140782
259 0.423239 0.135361
284 0.506954 0.141004
312 0.496997 0.145220
343 0.529470 0.154182
377 0.591662 0.150356
414 0.639502 0.132697
455 0.645694 0.148640
500 0.696993 0.140129
550 0.725733 0.130175
605 0.783089 0.127484
665 0.815156 0.124983
731 0.855230 0.114951
804 0.884542 0.114024
884 0.936287 0.107485
972 0.966507 0.098230
1069 0.979855 0.102423
1175 1.016890 0.092812
1292 1.067646 0.082264
1421 1.075963 0.081341
1563 1.100838 0.079601
1719 1.121667 0.077633
1890 1.148924 0.071692
2079 1.166674 0.068628
2286 1.191557 0.063496
2514 1.207337 0.059688
2765 1.235984 0.055061
3041 1.242603 0.051820
3345 1.261875 0.048922
3679 1.263997 0.046368
4046 1.275594 0.042301
4450 1.283079 0.039853
4895 1.297077 0.036762
5384 1.305284 0.032715
5922 1.311130 0.031533
6514 1.321089 0.029247
7165 1.327331 0.026260
7881 1.333251 0.024205
8669 1.336470 0.022131
