1 0.000000 0.000000
2 0.000139 0.000096
3 0.003260 0.002064
4 0.000112 0.000063
5 0.001825 0.000956
6 0.010085 0.006554
7 0.011079 0.006453
8 0.004508 0.002987
9 0.003467 0.001704
10 0.014230 0.009278
11 0.007354 0.004309
12 0.013631 0.008930
13 0.017746 0.010346
14 0.006700 0.003809
15 0.018019 0.010040
16 0.008730 0.005173
17 0.018464 0.010587
18 0.017469 0.009326
19 0.022905 0.013289
20 0.011032 0.006585
22 0.019391 0.011118
24 0.016411 0.008715
26 0.013257 0.006865
28 0.030125 0.017198
30 0.029959 0.015956
33 0.035717 0.019323
36 0.039011 0.021316
39 0.020684 0.009453
42 0.041086 0.023133
46 0.030141 0.016314
50 0.024766 0.013594
55 0.038161 0.020251
60 0.045649 0.025570
66 0.055660 0.030995
72 0.058598 0.030266
79 0.066511 0.033566
86 0.065895 0.034283
94 0.059480 0.032212
103 0.076528 0.040797
113 0.079640 0.041030
124 0.086520 0.044106
136 0.112024 0.057788
149 0.103736 0.052982
163 0.120199 0.061305
179 0.136346 0.066688
196 0.142120 0.068990
215 0.143693 0.071497
236 0.132873 0.066191
259 0.194242 0.087625
284 0.207804 0.091600
312 0.184084 0.083845
343 0.188622 0.087333
377 0.271091 0.113863
414 0.290394 0.116575
455 0.302642 0.116792
500 0.325372 0.122934
550 0.364255 0.128981
605 0.421539 0.136206
665 0.392105 0.132654
731 0.439157 0.143403
804 0.437912 0.140112
884 0.482071 0.145774
972 0.534700 0.143868
1069 0.585657 0.142313
1175 0.647814 0.137502
1292 0.686443 0.139095
1421 0.706586 0.140771
1563 0.720943 0.138429
1719 0.761424 0.136329
1890 0.782075 0.134007
2079 0.834390 0.116165
2286 0.890419 0.112319
2514 0.909396 0.111783
2765 0.968823 0.101458
3041 0.989343 0.098926
3345 1.006038 0.093603
3679 1.055012 0.085382
4046 1.078568 0.085634
4450 1.101697 0.079351
4895 1.128061 0.074358
5384 1.151622 0.071462
5922 1.165333 0.069588
6514 1.192567 0.064306
7165 1.217076 0.057898
7881 1.220106 0.057389
8669 1.232149 0.054389
9535 1.249219 0.049649
10488 1.263785 0.045799
11536 1.278240 0.042821
12689 1.289654 0.039982
13957 1.292940 0.037841
15352 1.306594 0.033398
16887 1.307236 0.031238
