1 0.000000 0.000000
2 0.006171 0.004239
3 0.009080 0.005697
4 0.017795 0.010574
5 0.023734 0.013382
6 0.018432 0.011001
7 0.027450 0.015098
8 0.032586 0.017439
9 0.039886 0.022237
10 0.029580 0.015629
11 0.056489 0.031424
12 0.056306 0.028982
13 0.063340 0.035535
14 0.066054 0.035390
15 0.064491 0.032741
16 0.074713 0.039334
17 0.065645 0.035369
18 0.068897 0.035928
19 0.083148 0.040704
20 0.088858 0.045552
22 0.097326 0.050837
24 0.103029 0.052326
26 0.128520 0.063227
28 0.129881 0.060656
30 0.128134 0.063155
33 0.144238 0.075034
36 0.166266 0.077205
39 0.198339 0.092957
42 0.206239 0.088543
46 0.213758 0.091415
50 0.218418 0.095845
55 0.227347 0.100670
60 0.290174 0.112826
66 0.284460 0.112896
72 0.290639 0.112915
79 0.358206 0.123421
86 0.345594 0.125394
94 0.370500 0.133529
103 0.400038 0.136011
113 0.454865 0.143233
124 0.432124 0.136093
136 0.520132 0.143808
149 0.511484 0.150447
163 0.537855 0.140144
179 0.600309 0.151295
196 0.629738 0.144207
215 0.664937 0.143156
236 0.697218 0.137331
259 0.751232 0.130545
284 0.811100 0.124043
312 0.826950 0.123360
343 0.849559 0.121932
377 0.893656 0.112891
414 0.933336 0.109900
455 0.982870 0.099816
500 1.024357 0.090879
550 1.030173 0.091145
605 1.058194 0.088024
665 1.079994 0.080913
731 1.116170 0.076917
804 1.155174 0.070123
884 1.164310 0.067509
972 1.192922 0.064223
1069 1.204841 0.061267
1175 1.224247 0.056995
1292 1.233929 0.055045
1421 1.250344 0.050893
1563 1.262652 0.048224
1719 1.261871 0.046767
1890 1.286001 0.041703
2079 1.284153 0.039472
2286 1.303704 0.036069
2514 1.311035 0.032442
2765 1.315992 0.030278
