1 0.000000 0.000000
2 0.137646 0.076463
3 0.264506 0.115826
4 0.354420 0.133979
5 0.426409 0.147585
6 0.527104 0.146616
7 0.590235 0.149156
8 0.664020 0.140924
9 0.695755 0.143884
10 0.758871 0.127804
12 0.851351 0.120035
14 0.904997 0.112369
16 0.956709 0.104789
19 1.034658 0.095682
22 1.093708 0.080845
26 1.149156 0.074400
31 1.189846 0.070631
37 1.238809 0.062134
44 1.278673 0.054485
52 1.310492 0.049422
62 1.339875 0.044017
74 1.366638 0.037878
88 1.380249 0.034021
105 1.400042 0.029311
126 1.411011 0.024691
151 1.426518 0.021235
181 1.438038 0.017917
217 1.444759 0.015128
260 1.454630 0.013008
312 1.455127 0.010877
