1 0.000000 0.000000
2 0.000676 0.000468
3 0.003356 0.002125
4 0.000364 0.000222
5 0.009633 0.005300
6 0.008619 0.004159
7 0.013187 0.007216
8 0.013511 0.006722
9 0.022204 0.013305
10 0.020625 0.011410
11 0.019940 0.011988
12 0.022237 0.011664
13 0.022306 0.012771
14 0.024598 0.014443
15 0.023203 0.013982
16 0.023991 0.014512
17 0.022932 0.012366
18 0.039278 0.020982
19 0.022111 0.012562
20 0.033393 0.018138
22 0.051189 0.026603
24 0.040784 0.020770
26 0.051043 0.027579
28 0.048131 0.027501
30 0.046441 0.024581
33 0.046721 0.027139
36 0.050651 0.028947
39 0.074982 0.039317
42 0.061741 0.035297
46 0.084668 0.042503
50 0.073747 0.038854
55 0.103387 0.053080
60 0.108876 0.052654
66 0.118584 0.059180
72 0.118509 0.058835
79 0.136774 0.067875
86 0.146094 0.068898
94 0.159225 0.073557
103 0.180614 0.083562
113 0.194007 0.085857
124 0.156015 0.073406
136 0.174951 0.079988
149 0.237529 0.097905
163 0.243535 0.106984
179 0.241307 0.103633
196 0.290374 0.113148
215 0.288395 0.114099
236 0.341469 0.127291
259 0.363295 0.135304
284 0.368311 0.129564
312 0.397759 0.138332
343 0.470446 0.136082
377 0.469409 0.141833
414 0.492296 0.141273
455 0.557567 0.150391
500 0.605016 0.146177
550 0.601953 0.141293
605 0.639621 0.138589
665 0.713746 0.129030
731 0.751576 0.127390
804 0.766067 0.133905
884 0.821401 0.131199
972 0.860274 0.120705
1069 0.886156 0.115805
1175 0.920592 0.109106
1292 0.973262 0.100332
1421 0.996217 0.095702
1563 1.023408 0.093710
1719 1.046043 0.085198
1890 1.094917 0.081975
2079 1.102942 0.079578
2286 1.131777 0.074015
2514 1.151188 0.070870
2765 1.181388 0.066181
3041 1.204303 0.060475
3345 1.213278 0.058143
3679 1.229881 0.054334
4046 1.242963 0.051430
4450 1.262798 0.048552
4895 1.275610 0.044688
5384 1.282522 0.041687
5922 1.283958 0.038629
6514 1.300068 0.036073
7165 1.312259 0.033858
7881 1.309973 0.030377
