1 0.000000 0.000000
2 0.000000 0.000000
3 0.001053 0.000669
4 0.008170 0.004888
5 0.003689 0.001832
6 0.001504 0.000921
7 0.011279 0.006747
8 0.014905 0.007900
9 0.011429 0.006925
10 0.005471 0.003551
11 0.011402 0.006419
12 0.019907 0.011262
13 0.016428 0.009403
14 0.005747 0.003189
15 0.011134 0.006188
16 0.026627 0.014986
17 0.014366 0.008036
18 0.020139 0.012027
19 0.013598 0.007267
20 0.014958 0.006946
22 0.014155 0.007513
24 0.021203 0.011233
26 0.017767 0.009413
28 0.032370 0.018947
30 0.029476 0.017369
33 0.031513 0.016868
36 0.041932 0.022842
39 0.046425 0.024537
42 0.034812 0.018623
46 0.041267 0.023523
50 0.056130 0.031330
55 0.053409 0.028900
60 0.046431 0.024369
66 0.091105 0.049413
72 0.037877 0.018752
79 0.063734 0.034468
86 0.067695 0.037425
94 0.088016 0.043305
103 0.081580 0.040256
113 0.099558 0.050540
124 0.104969 0.050864
136 0.121072 0.057688
149 0.160054 0.076579
163 0.173811 0.077171
179 0.152505 0.076072
196 0.186829 0.088404
215 0.208696 0.096609
236 0.226770 0.099161
259 0.195233 0.084779
284 0.233494 0.104167
312 0.296942 0.113819
343 0.292228 0.120579
377 0.317178 0.120381
414 0.344489 0.122573
455 0.354941 0.131244
500 0.440366 0.138935
550 0.398449 0.134781
605 0.466991 0.141931
665 0.533695 0.146190
731 0.511035 0.146994
804 0.542549 0.143935
884 0.579273 0.149713
972 0.673703 0.137331
1069 0.694048 0.131736
1175 0.745753 0.132272
1292 0.765606 0.127902
1421 0.781437 0.133034
1563 0.825734 0.121737
1719 0.864681 0.116942
1890 0.911515 0.111578
2079 0.930486 0.106929
2286 0.972335 0.098355
2514 0.996980 0.096190
2765 1.046963 0.087789
3041 1.062984 0.087984
3345 1.098988 0.079801
3679 1.109851 0.075328
4046 1.147074 0.070043
4450 1.168021 0.066582
4895 1.194496 0.062391
5384 1.205430 0.060845
5922 1.219285 0.057129
6514 1.241547 0.053169
7165 1.243984 0.050804
7881 1.258089 0.047238
8669 1.272170 0.043726
9535 1.290173 0.040789
10488 1.297929 0.036740
11536 1.303775 0.034988
12689 1.308534 0.031483
