1 0.000000 0.000000
2 0.000277 0.000192
3 0.001450 0.000921
4 0.000331 0.000186
5 0.001413 0.000949
6 0.001465 0.000944
7 0.000000 0.000000
8 0.003474 0.002305
9 0.008333 0.005358
10 0.001713 0.000855
11 0.002376 0.001236
12 0.011246 0.007047
13 0.004184 0.002231
14 0.002523 0.000845
15 0.011980 0.007025
16 0.006125 0.003370
17 0.008511 0.004759
18 0.007202 0.004128
19 0.010255 0.005978
20 0.007964 0.004739
22 0.010574 0.006286
24 0.003521 0.002065
26 0.017374 0.009915
28 0.015796 0.008784
30 0.009473 0.005982
33 0.020074 0.012546
36 0.020475 0.012030
39 0.015379 0.009261
42 0.022546 0.013130
46 0.026184 0.013504
50 0.024262 0.013396
55 0.024104 0.014051
60 0.022169 0.012293
66 0.035085 0.020747
72 0.024543 0.013564
79 0.045955 0.024346
86 0.042114 0.022823
94 0.036081 0.020725
103 0.049835 0.029537
113 0.055439 0.029896
124 0.034405 0.016596
136 0.064623 0.035001
149 0.056370 0.029635
163 0.070348 0.036585
179 0.064582 0.034191
196 0.098936 0.050184
215 0.107067 0.054855
236 0.091524 0.046267
259 0.108622 0.054964
284 0.117440 0.058954
312 0.148595 0.068183
343 0.166402 0.081474
377 0.150494 0.068469
414 0.185433 0.087932
455 0.215031 0.093828
500 0.203595 0.091454
550 0.236870 0.101612
605 0.235266 0.100568
665 0.281691 0.116327
731 0.289702 0.114316
804 0.301288 0.112494
884 0.338759 0.126477
972 0.374479 0.130402
1069 0.395206 0.138825
1175 0.387625 0.133534
1292 0.495275 0.144104
1421 0.475615 0.141799
1563 0.559634 0.145773
1719 0.555112 0.141393
1890 0.596859 0.141356
2079 0.613079 0.144805
2286 0.673659 0.145609
2514 0.716692 0.138396
2765 0.745945 0.134517
3041 0.794087 0.126901
3345 0.816419 0.127993
3679 0.866868 0.114971
4046 0.900058 0.114284
4450 0.937197 0.106258
4895 0.967816 0.097530
5384 1.004591 0.097264
5922 1.033837 0.089427
6514 1.054072 0.087580
7165 1.086228 0.081544
7881 1.109547 0.081031
8669 1.141911 0.074637
9535 1.161645 0.069930
10488 1.179295 0.064760
11536 1.201047 0.061605
12689 1.213605 0.058899
13957 1.232829 0.053953
15352 1.246745 0.051208
16887 1.257323 0.048042
18575 1.272478 0.044036
20432 1.278362 0.040098
22475 1.291482 0.038395
24722 1.301100 0.035980
27194 1.303745 0.033060
