1 0.000000 0.000000
2 0.014354 0.009744
3 0.013813 0.008604
4 0.022998 0.013552
5 0.039512 0.022258
6 0.036967 0.021051
7 0.047482 0.025569
8 0.070702 0.041477
9 0.071990 0.039738
10 0.076941 0.041256
12 0.090624 0.043987
14 0.115081 0.055624
16 0.124622 0.060149
19 0.142875 0.066753
22 0.193585 0.088090
26 0.193436 0.086067
31 0.216217 0.099472
37 0.220505 0.096699
44 0.305958 0.121496
52 0.369933 0.137374
62 0.414869 0.136234
74 0.440490 0.139672
88 0.562976 0.147384
105 0.586173 0.137255
126 0.640889 0.147472
151 0.734496 0.131429
181 0.813772 0.123598
217 0.854386 0.118058
260 0.950055 0.105016
312 1.019417 0.092994
374 1.072455 0.085264
448 1.126482 0.075725
537 1.173480 0.069047
644 1.213855 0.059248
772 1.240008 0.054631
926 1.263097 0.047270
1111 1.285260 0.040366
1333 1.306993 0.036157
1599 1.321904 0.030673
1918 1.324685 0.026433
2301 1.343368 0.022635
2761 1.349858 0.018977
3313 1.358800 0.015880
3975 1.363002 0.013649
4770 1.366317 0.011488
5724 1.373375 0.009491
6868 1.378393 0.007954
8241 1.381051 0.006769
