1 0.000000 0.000000
2 0.011442 0.007800
3 0.021206 0.013152
4 0.043150 0.026145
5 0.039170 0.023075
6 0.050026 0.028353
7 0.076054 0.040449
8 0.083811 0.044057
9 0.094956 0.049116
10 0.089287 0.045069
12 0.130943 0.062553
14 0.128094 0.065132
16 0.162950 0.077323
19 0.184902 0.084828
22 0.213013 0.094798
26 0.239772 0.101416
31 0.285149 0.119804
37 0.319213 0.125264
44 0.398411 0.135237
52 0.441473 0.140763
62 0.491358 0.138171
74 0.586829 0.146508
88 0.639429 0.150378
105 0.689961 0.141819
126 0.790412 0.125124
151 0.874560 0.116178
181 0.934979 0.108806
217 0.995172 0.100922
260 1.034870 0.086461
312 1.103225 0.080046
374 1.149501 0.072019
448 1.185828 0.065024
537 1.221856 0.057567
644 1.251140 0.051232
772 1.279083 0.045367
926 1.295074 0.039239
1111 1.316964 0.033083
1333 1.329635 0.028467
1599 1.337935 0.024546
1918 1.354705 0.020239
2301 1.350600 0.017279
