1 0.000000 0.000000
2 0.112588 0.065364
3 0.223863 0.106283
4 0.295514 0.122470
5 0.342857 0.132072
6 0.406948 0.143289
7 0.513508 0.154997
8 0.549274 0.151566
9 0.603760 0.146245
10 0.626467 0.146607
12 0.710423 0.136400
14 0.786343 0.131758
16 0.840074 0.121690
19 0.913207 0.112497
22 0.981423 0.104471
26 1.047817 0.087438
31 1.107105 0.079737
37 1.151333 0.074862
44 1.196514 0.067419
52 1.244395 0.059260
62 1.275590 0.053095
74 1.304905 0.047695
88 1.335757 0.042731
105 1.356046 0.036865
126 1.375537 0.031612
151 1.386214 0.027732
181 1.400937 0.023303
217 1.411219 0.019625
260 1.419213 0.016879
312 1.431932 0.014099
374 1.436447 0.011949
448 1.440707 0.010023
537 1.444440 0.008412
644 1.446580 0.007071
772 1.450458 0.005967
926 1.453802 0.005040
1111 1.454296 0.004175
