1 0.000000 0.000000
2 0.191156 0.095959
3 0.316928 0.126898
4 0.468552 0.145640
5 0.535175 0.146206
6 0.640437 0.145623
7 0.699164 0.139756
8 0.767497 0.131440
9 0.812562 0.126280
10 0.857967 0.121689
12 0.956188 0.105105
14 1.010147 0.096290
16 1.066849 0.086764
19 1.125713 0.079506
22 1.175942 0.070913
26 1.223788 0.063879
31 1.281059 0.055597
37 1.313141 0.052107
44 1.342387 0.046114
52 1.368586 0.040427
62 1.393715 0.036356
74 1.410565 0.031259
88 1.428517 0.026766
105 1.440302 0.022659
126 1.451251 0.019725
151 1.461997 0.016880
181 1.470269 0.014088
217 1.473767 0.011918
260 1.481246 0.009928
312 1.486258 0.008447
374 1.490436 0.007060
448 1.493152 0.005909
537 1.496713 0.005003
644 1.498281 0.004208
