1 0.000000 0.000000
2 0.023370 0.015652
3 0.052012 0.030480
4 0.079603 0.044814
5 0.071709 0.038946
6 0.091549 0.049214
7 0.098337 0.049470
8 0.129267 0.066407
9 0.160797 0.075867
10 0.158066 0.075465
12 0.194613 0.088649
14 0.218992 0.098635
16 0.284276 0.117591
19 0.311635 0.121830
22 0.317017 0.114334
26 0.416514 0.138827
31 0.439609 0.146954
37 0.477440 0.142370
44 0.570230 0.138974
52 0.640197 0.140929
62 0.730649 0.132088
74 0.787226 0.129221
88 0.842347 0.123611
105 0.928510 0.106756
126 0.995734 0.096734
151 1.050528 0.091646
181 1.103128 0.080832
217 1.140018 0.074569
260 1.181330 0.065235
312 1.231055 0.057464
374 1.261780 0.052343
448 1.280183 0.045022
537 1.295345 0.039950
644 1.321919 0.034231
772 1.329768 0.028462
926 1.345540 0.024569
1111 1.355561 0.020540
1333 1.366067 0.017748
1599 1.367117 0.014913
1918 1.372979 0.012803
2301 1.380020 0.010717
2761 1.380978 0.008791
3313 1.389029 0.007485
3975 1.392159 0.006256
4770 1.391579 0.005231
5724 1.394208 0.004369
6868 1.395189 0.003648
8241 1.397199 0.003080
9889 1.398126 0.002553
11866 1.398459 0.002113
