1 0.000000 0.000000
2 0.262077 0.112974
3 0.448594 0.140889
4 0.588317 0.142770
5 0.705314 0.136139
6 0.789749 0.125134
7 0.872125 0.117047
8 0.932354 0.106698
9 0.984386 0.098039
10 1.025740 0.092907
12 1.115458 0.078186
14 1.173498 0.069149
16 1.223747 0.064718
19 1.270158 0.059446
22 1.304149 0.053575
26 1.338779 0.048688
31 1.383084 0.044649
37 1.408757 0.038811
44 1.434057 0.033839
52 1.445276 0.029440
62 1.464693 0.025830
74 1.478751 0.021863
88 1.489964 0.018883
105 1.500301 0.016104
126 1.509043 0.013718
151 1.517853 0.011416
181 1.520805 0.009677
217 1.528099 0.008184
260 1.531779 0.006909
312 1.535975 0.005715
374 1.537619 0.004795
