1 0.000000 0.000000
2 0.022168 0.014874
3 0.039540 0.023669
4 0.094678 0.050479
5 0.091217 0.049863
6 0.136380 0.068214
7 0.144641 0.074513
8 0.154608 0.075175
9 0.187498 0.087905
10 0.226403 0.101714
12 0.236065 0.100791
14 0.331402 0.124256
16 0.339950 0.135487
19 0.402450 0.139247
22 0.398834 0.137664
26 0.448932 0.142215
31 0.556716 0.143631
37 0.642645 0.141820
44 0.688577 0.141536
52 0.735887 0.138299
62 0.790420 0.125084
74 0.889369 0.119311
88 0.955616 0.103812
105 1.037229 0.088658
126 1.095545 0.083664
151 1.117932 0.079620
181 1.175237 0.067250
217 1.216173 0.060857
260 1.239781 0.055382
312 1.269176 0.049015
374 1.298112 0.041178
448 1.312263 0.037025
537 1.332042 0.031804
644 1.337183 0.026748
772 1.346847 0.022570
926 1.358538 0.019234
1111 1.369895 0.016274
1333 1.378126 0.013524
1599 1.383972 0.011798
1918 1.389576 0.009586
2301 1.393069 0.008191
2761 1.391717 0.006904
3313 1.396568 0.005655
3975 1.398902 0.004827
4770 1.401843 0.004016
5724 1.402419 0.003310
