1 0.000000 0.000000
2 0.086639 0.052547
3 0.174523 0.086854
4 0.197787 0.094626
5 0.288203 0.116463
6 0.344129 0.133086
7 0.390170 0.135873
8 0.425660 0.144138
9 0.441975 0.139597
10 0.508283 0.151339
12 0.567663 0.145811
14 0.649375 0.140364
16 0.716592 0.138201
19 0.786881 0.129163
22 0.832710 0.125606
26 0.938875 0.103087
31 0.982273 0.105727
37 1.049261 0.088663
44 1.108141 0.079267
52 1.173151 0.069589
62 1.208611 0.062837
74 1.242545 0.058709
88 1.280790 0.051181
105 1.308682 0.045913
126 1.328870 0.040386
151 1.349725 0.035156
181 1.364011 0.030639
217 1.379477 0.025805
260 1.391436 0.022011
312 1.401523 0.018630
374 1.407645 0.015724
448 1.412695 0.013258
537 1.422070 0.011065
644 1.424671 0.009428
772 1.427854 0.007910
926 1.433783 0.006559
1111 1.433433 0.005529
