1 0.000000 0.000000
2 0.003466 0.002390
3 0.000000 0.000000
4 0.004291 0.002628
5 0.006816 0.004019
6 0.002747 0.001323
7 0.012311 0.006148
8 0.009476 0.005936
9 0.015194 0.009403
10 0.006863 0.003917
11 0.016615 0.009502
12 0.009779 0.005629
13 0.005717 0.003202
14 0.025127 0.012895
15 0.029580 0.016634
16 0.018493 0.011056
17 0.020320 0.011842
18 0.026988 0.015160
19 0.030862 0.017044
20 0.024491 0.013210
22 0.034331 0.019481
24 0.025372 0.011908
26 0.046109 0.026803
28 0.053096 0.028052
30 0.038791 0.020968
33 0.043603 0.024079
36 0.054791 0.027546
39 0.051545 0.027671
42 0.033441 0.018481
46 0.045073 0.023456
50 0.052725 0.031260
55 0.079648 0.042513
60 0.076645 0.038059
66 0.096540 0.051373
72 0.097410 0.050168
79 0.110645 0.055340
86 0.106908 0.053787
94 0.106017 0.051043
103 0.120352 0.057465
113 0.143621 0.070771
124 0.157174 0.075522
136 0.177470 0.083670
149 0.191880 0.085369
163 0.235808 0.104222
179 0.204162 0.090148
196 0.222276 0.090139
215 0.235389 0.102916
236 0.261065 0.116772
259 0.308064 0.118433
284 0.308989 0.115891
312 0.321825 0.123125
343 0.378164 0.131505
377 0.370656 0.127297
414 0.421570 0.137210
455 0.430390 0.131890
500 0.477546 0.143197
550 0.472269 0.139518
605 0.584389 0.146023
665 0.590500 0.141687
731 0.634056 0.148052
804 0.642653 0.142503
884 0.697042 0.138018
972 0.726910 0.137359
1069 0.782399 0.130144
1175 0.802021 0.130114
1292 0.856035 0.119562
1421 0.887553 0.114490
1563 0.928124 0.106624
1719 0.974455 0.103927
1890 1.008728 0.097133
2079 1.034451 0.089833
2286 1.057072 0.085018
2514 1.107891 0.079728
2765 1.110933 0.076702
3041 1.142519 0.073585
3345 1.157554 0.071594
3679 1.178807 0.064918
4046 1.200328 0.062376
4450 1.223111 0.057095
4895 1.230893 0.055075
5384 1.240794 0.051253
5922 1.257767 0.047216
6514 1.270965 0.044283
7165 1.279982 0.041955
7881 1.290809 0.037484
8669 1.301506 0.035380
9535 1.305455 0.032916
