1 0.000000 0.000000
2 0.000000 0.000000
3 0.005348 0.003375
4 0.002220 0.001243
5 0.000429 0.000238
6 0.000000 0.000000
7 0.005554 0.003013
8 0.000804 0.000302
9 0.004390 0.002602
10 0.004450 0.002998
11 0.003735 0.001619
12 0.015046 0.008450
13 0.002793 0.001634
14 0.005205 0.002413
15 0.004218 0.002357
16 0.009420 0.005220
17 0.000470 0.000267
18 0.004428 0.002580
19 0.012875 0.006674
20 0.007767 0.004015
22 0.011400 0.006977
24 0.008657 0.004419
26 0.022590 0.013509
28 0.016684 0.010533
30 0.018513 0.011647
33 0.025078 0.013458
36 0.028447 0.014038
39 0.029795 0.016713
42 0.027941 0.015494
46 0.036297 0.018273
50 0.027666 0.015478
55 0.037477 0.020433
60 0.042914 0.023678
66 0.052227 0.028835
72 0.037499 0.018463
79 0.059128 0.032188
86 0.049486 0.026076
94 0.057039 0.031843
103 0.037950 0.018976
113 0.083101 0.043442
124 0.069234 0.034851
136 0.079261 0.041746
149 0.083035 0.045038
163 0.094331 0.047010
179 0.110293 0.055611
196 0.123161 0.061551
215 0.125111 0.063386
236 0.145748 0.072888
259 0.126411 0.064533
284 0.140206 0.065203
312 0.158321 0.072689
343 0.199520 0.088847
377 0.183900 0.085940
414 0.222350 0.096770
455 0.228722 0.102696
500 0.262673 0.106672
550 0.285335 0.109888
605 0.281761 0.116981
665 0.333932 0.121025
731 0.358320 0.127721
804 0.382814 0.134267
884 0.390451 0.132526
972 0.489011 0.149593
1069 0.449087 0.143547
1175 0.525385 0.148176
1292 0.555158 0.149996
1421 0.593549 0.141671
1563 0.612130 0.141797
1719 0.639965 0.145589
1890 0.694426 0.139579
2079 0.748419 0.135663
2286 0.782022 0.129719
2514 0.798628 0.132913
2765 0.850673 0.122704
3041 0.856658 0.119511
3345 0.898076 0.118590
3679 0.948234 0.104386
4046 0.998448 0.094719
4450 1.006719 0.095305
4895 1.049506 0.086052
5384 1.082615 0.081327
5922 1.110286 0.077477
6514 1.127453 0.073291
7165 1.163467 0.069983
7881 1.172053 0.067363
8669 1.194989 0.063375
9535 1.213926 0.058809
10488 1.228567 0.056609
11536 1.246571 0.053869
12689 1.260292 0.048537
13957 1.267975 0.045740
15352 1.272410 0.041808
16887 1.288869 0.039191
18575 1.298614 0.035102
20432 1.302976 0.032710
