1 0.000000 0.000000
2 0.000000 0.000000
3 0.000000 0.000000
4 0.000000 0.000000
5 0.006189 0.003640
6 0.003213 0.002035
7 0.000000 0.000000
8 0.000389 0.000257
9 0.001610 0.001022
10 0.001612 0.000830
11 0.007021 0.004573
12 0.004976 0.002739
13 0.004714 0.002491
14 0.001338 0.000694
15 0.001890 0.000988
16 0.006213 0.002989
17 0.014098 0.008115
18 0.005784 0.003704
19 0.004020 0.002138
20 0.014272 0.008514
22 0.007571 0.003497
24 0.007869 0.004653
26 0.006562 0.004129
28 0.010096 0.005884
30 0.012830 0.007165
33 0.020348 0.012126
36 0.014827 0.008299
39 0.022240 0.012573
42 0.009223 0.005552
46 0.014719 0.008170
50 0.015066 0.006631
55 0.027054 0.014459
60 0.020008 0.012161
66 0.023954 0.014317
72 0.030752 0.016628
79 0.035462 0.018895
86 0.049152 0.026573
94 0.042802 0.022443
103 0.032394 0.017239
113 0.039690 0.022444
124 0.038564 0.020057
136 0.063357 0.034240
149 0.062130 0.033905
163 0.071638 0.038825
179 0.062124 0.034099
196 0.078973 0.040262
215 0.059552 0.031864
236 0.086170 0.048008
259 0.104746 0.053218
284 0.111169 0.057284
312 0.112698 0.057994
343 0.132314 0.064250
377 0.145628 0.069084
414 0.133941 0.068203
455 0.184631 0.082858
500 0.167103 0.077537
550 0.201641 0.089532
605 0.207741 0.092244
665 0.232770 0.099079
731 0.271405 0.111963
804 0.290515 0.117190
884 0.281360 0.114348
972 0.331077 0.125855
1069 0.377305 0.129884
1175 0.373211 0.128206
1292 0.432113 0.138088
1421 0.469826 0.143155
1563 0.507013 0.139459
1719 0.495356 0.143283
1890 0.533157 0.146957
2079 0.577431 0.148949
2286 0.583542 0.145311
2514 0.664028 0.142995
2765 0.731437 0.132775
3041 0.725605 0.137337
3345 0.748663 0.129547
3679 0.809025 0.121878
4046 0.832050 0.123213
4450 0.861536 0.120729
4895 0.919694 0.112777
5384 0.951075 0.105052
5922 0.989147 0.096839
6514 1.006946 0.093375
7165 1.061182 0.083055
7881 1.072100 0.085830
8669 1.098583 0.080001
9535 1.114834 0.079252
10488 1.143657 0.072142
