1 0.000000 0.000000
2 0.000416 0.000288
3 0.004030 0.002549
4 0.022559 0.014194
5 0.020384 0.010859
6 0.008680 0.005273
7 0.028406 0.016771
8 0.032441 0.019097
9 0.039988 0.021867
10 0.040910 0.022458
11 0.050517 0.027218
12 0.054913 0.030508
13 0.058123 0.031861
14 0.058381 0.031127
15 0.056303 0.031121
16 0.057416 0.031543
17 0.074553 0.040052
18 0.074330 0.038902
19 0.060938 0.030525
20 0.097774 0.049093
22 0.082958 0.043245
24 0.116504 0.061917
26 0.116507 0.058462
28 0.116181 0.062361
30 0.123436 0.060998
33 0.156709 0.076813
36 0.157605 0.072748
39 0.161503 0.073773
42 0.179107 0.086261
46 0.177920 0.083245
50 0.180646 0.082485
55 0.191253 0.083207
60 0.238275 0.102947
66 0.228341 0.096123
72 0.254107 0.110439
79 0.287519 0.110826
86 0.308686 0.122153
94 0.339659 0.128275
103 0.381159 0.133158
113 0.421948 0.135429
124 0.418028 0.135632
136 0.437045 0.143060
149 0.473225 0.141888
163 0.519225 0.145912
179 0.534347 0.147920
196 0.598032 0.149680
215 0.593583 0.142096
236 0.677073 0.144009
259 0.747335 0.136947
284 0.754801 0.139101
312 0.804315 0.123203
343 0.806550 0.129275
377 0.870324 0.120580
414 0.876708 0.114658
455 0.935268 0.107671
500 0.960624 0.103889
550 0.996939 0.095905
605 1.038636 0.089734
665 1.067741 0.083175
731 1.086290 0.081842
804 1.122182 0.075887
884 1.124449 0.071708
972 1.164906 0.069683
1069 1.174710 0.066625
1175 1.204352 0.061688
1292 1.221000 0.057090
1421 1.233860 0.054650
1563 1.240390 0.052728
1719 1.258485 0.049774
1890 1.275865 0.044519
2079 1.285457 0.041839
