1 0.000000 0.000000
2 0.007784 0.005335
3 0.022907 0.014069
4 0.033270 0.019520
5 0.029365 0.016934
6 0.032756 0.018539
7 0.047965 0.026672
8 0.068305 0.035990
9 0.055173 0.029026
10 0.091606 0.046961
11 0.068598 0.038507
12 0.077855 0.041070
13 0.081008 0.038534
14 0.095893 0.049892
15 0.110590 0.054540
16 0.130912 0.064378
17 0.111994 0.055765
18 0.146596 0.068666
19 0.142465 0.071637
20 0.134979 0.065904
22 0.166508 0.080584
24 0.176040 0.081074
26 0.190483 0.085330
28 0.202134 0.091263
30 0.183994 0.083854
33 0.245819 0.106369
36 0.268319 0.110882
39 0.267746 0.113060
42 0.326644 0.129977
46 0.307616 0.118805
50 0.339041 0.124070
55 0.361766 0.126062
60 0.366253 0.132256
66 0.428088 0.140663
72 0.477350 0.146005
79 0.491818 0.149387
86 0.531121 0.146745
94 0.579504 0.146126
103 0.585361 0.142644
113 0.605436 0.148647
124 0.658919 0.143835
136 0.659175 0.140231
149 0.742702 0.139408
163 0.717504 0.138874
179 0.797650 0.125691
196 0.862152 0.117407
215 0.855625 0.116721
236 0.916743 0.112127
259 0.932441 0.107001
284 0.972291 0.101578
312 1.013940 0.096128
343 1.052561 0.087061
377 1.071169 0.083206
414 1.099031 0.079311
455 1.116031 0.076697
500 1.146089 0.071754
550 1.165308 0.068769
605 1.177890 0.063792
665 1.202925 0.061116
731 1.230828 0.056672
804 1.235190 0.055706
884 1.250100 0.051784
972 1.258724 0.047350
1069 1.278092 0.043431
1175 1.288086 0.040778
