1 0.000000 0.000000
2 0.006576 0.004515
3 0.008105 0.005093
4 0.010782 0.006629
5 0.022149 0.012617
6 0.027067 0.016144
7 0.030147 0.018629
8 0.013313 0.008081
9 0.036426 0.019240
10 0.030819 0.018234
11 0.041015 0.024032
12 0.034709 0.018863
13 0.027648 0.015451
14 0.045948 0.025326
15 0.045256 0.022319
16 0.051659 0.028635
17 0.043827 0.021624
18 0.070205 0.038748
19 0.056896 0.030952
20 0.091468 0.046380
22 0.072463 0.040179
24 0.085796 0.046812
26 0.090576 0.046235
28 0.071719 0.037948
30 0.096798 0.050904
33 0.115970 0.055042
36 0.107043 0.053456
39 0.115016 0.059929
42 0.096717 0.047203
46 0.146050 0.067005
50 0.143998 0.067676
55 0.168842 0.077259
60 0.163478 0.076561
66 0.165865 0.079353
72 0.195195 0.090740
79 0.254151 0.104876
86 0.240217 0.100116
94 0.276476 0.116470
103 0.263645 0.109568
113 0.327517 0.123434
124 0.352657 0.131060
136 0.361986 0.133030
149 0.393501 0.138294
163 0.448952 0.136660
179 0.445177 0.146492
196 0.511440 0.148099
215 0.508866 0.145959
236 0.529690 0.149794
259 0.598128 0.146744
284 0.636783 0.142791
312 0.660342 0.140229
343 0.715474 0.135760
377 0.763701 0.127079
414 0.790798 0.129580
455 0.794248 0.127071
500 0.838083 0.120385
550 0.905054 0.110366
605 0.932614 0.111802
665 0.982111 0.101375
731 0.998791 0.097530
804 1.038294 0.089476
884 1.046717 0.087722
972 1.094450 0.083184
1069 1.099205 0.082560
1175 1.152908 0.070015
1292 1.170043 0.069304
1421 1.183892 0.065624
1563 1.196488 0.062062
1719 1.216986 0.058996
1890 1.235621 0.054435
2079 1.246301 0.051347
2286 1.251004 0.048432
2514 1.271163 0.045230
2765 1.280860 0.041597
