1 0.000000 0.000000
2 0.013740 0.009335
3 0.036536 0.022066
4 0.035073 0.019527
5 0.055467 0.031042
6 0.051741 0.028747
7 0.096080 0.049615
8 0.077860 0.041694
9 0.065513 0.035537
10 0.083242 0.040805
11 0.072834 0.039486
12 0.102671 0.052867
13 0.133039 0.067808
14 0.140768 0.068282
15 0.136911 0.065355
16 0.142416 0.069495
17 0.182008 0.085684
18 0.175698 0.081003
19 0.182602 0.085032
20 0.193847 0.088287
22 0.232886 0.105499
24 0.209863 0.097062
26 0.257763 0.108796
28 0.235354 0.099318
30 0.270942 0.113314
33 0.260635 0.111287
36 0.292819 0.115640
39 0.314098 0.120379
42 0.347115 0.128820
46 0.346615 0.127798
50 0.392627 0.130547
55 0.443034 0.134230
60 0.452243 0.144177
66 0.466094 0.141353
72 0.545689 0.150370
79 0.554118 0.142407
86 0.617060 0.139147
94 0.638166 0.143961
103 0.658134 0.137742
113 0.676636 0.139949
124 0.752792 0.133288
136 0.754952 0.134146
149 0.818382 0.124290
163 0.840825 0.118989
179 0.885784 0.110344
196 0.906594 0.112193
215 0.965919 0.101329
236 0.994607 0.092649
259 1.032332 0.090374
284 1.052947 0.086316
312 1.078420 0.081781
343 1.104726 0.079034
377 1.126166 0.073642
414 1.150410 0.070684
455 1.169329 0.069304
500 1.184749 0.063622
550 1.218045 0.059566
605 1.240071 0.055265
665 1.238832 0.052880
731 1.265359 0.049004
804 1.266943 0.046554
884 1.287440 0.042750
