1 0.000000 0.000000
2 0.020797 0.013983
3 0.028891 0.017890
4 0.047231 0.027510
5 0.064524 0.036149
6 0.075402 0.041191
7 0.097706 0.048832
8 0.105290 0.053123
9 0.123278 0.064347
10 0.105137 0.052261
11 0.120450 0.061533
12 0.141310 0.069250
13 0.177817 0.083456
14 0.185006 0.085374
15 0.162114 0.078470
16 0.198860 0.093861
17 0.217924 0.092114
18 0.204834 0.089294
19 0.237177 0.102155
20 0.222246 0.098194
22 0.249825 0.105565
24 0.298909 0.116199
26 0.287682 0.114427
28 0.325729 0.126088
30 0.326546 0.121639
33 0.325897 0.125489
36 0.370704 0.123355
39 0.414994 0.134901
42 0.409075 0.137264
46 0.452158 0.132519
50 0.453066 0.139308
55 0.514209 0.140888
60 0.597320 0.142402
66 0.604085 0.138562
72 0.625709 0.146403
79 0.681569 0.143520
86 0.743257 0.132040
94 0.744813 0.133470
103 0.783630 0.131207
113 0.823195 0.122936
124 0.871607 0.115458
136 0.877936 0.112850
149 0.946420 0.104306
163 0.954960 0.104891
179 0.995387 0.095943
196 1.014758 0.091104
215 1.052624 0.086582
236 1.075226 0.082355
259 1.124833 0.076371
284 1.143302 0.074611
312 1.152519 0.069489
343 1.167226 0.068128
377 1.199938 0.062082
414 1.214726 0.058661
455 1.234287 0.055377
500 1.255055 0.052387
550 1.271069 0.047761
605 1.274221 0.045284
665 1.286991 0.042053
