1 0.000000 0.000000
2 0.025386 0.016952
3 0.050886 0.029910
4 0.074477 0.042558
5 0.071176 0.040759
6 0.076513 0.041274
7 0.145619 0.069921
8 0.129937 0.066284
9 0.193574 0.092605
10 0.213751 0.093121
11 0.192598 0.089125
12 0.217297 0.096564
13 0.206344 0.091857
14 0.241316 0.104590
15 0.227732 0.094452
16 0.268739 0.107700
17 0.314917 0.123513
18 0.327454 0.127566
19 0.331756 0.128715
20 0.338665 0.124964
22 0.331927 0.127764
24 0.378343 0.133840
26 0.392010 0.140091
28 0.439328 0.141956
30 0.456531 0.136863
33 0.510988 0.149387
36 0.528506 0.147181
39 0.562908 0.149214
42 0.592273 0.152845
46 0.636789 0.144085
50 0.668242 0.150843
55 0.679151 0.136942
60 0.721226 0.138034
66 0.760584 0.133129
72 0.807118 0.123357
79 0.842664 0.118528
86 0.889297 0.116367
94 0.898761 0.115355
103 0.960519 0.099801
113 0.980255 0.099978
124 1.002352 0.098510
136 1.048863 0.088375
149 1.075097 0.084932
163 1.100175 0.080304
179 1.131648 0.075731
196 1.163515 0.071904
215 1.178530 0.068166
236 1.199813 0.062184
259 1.216091 0.060421
284 1.231419 0.057896
312 1.244355 0.053786
343 1.251274 0.049997
377 1.271401 0.047510
414 1.281463 0.045125
