1 0.000000 0.000000
2 0.000413 0.000286
3 0.012065 0.007534
4 0.010225 0.006128
5 0.005892 0.003268
6 0.002503 0.001305
7 0.017711 0.011285
8 0.019554 0.011351
9 0.017170 0.008911
10 0.021280 0.010653
11 0.026607 0.015069
12 0.021098 0.012681
13 0.034967 0.019004
14 0.054554 0.028287
15 0.037399 0.021273
16 0.041155 0.023724
17 0.052815 0.026545
18 0.048095 0.025953
19 0.048100 0.026573
20 0.031137 0.016738
22 0.066183 0.035660
24 0.070166 0.038322
26 0.054620 0.029278
28 0.067164 0.035984
30 0.083424 0.043778
33 0.064044 0.034782
36 0.116676 0.059954
39 0.066410 0.034832
42 0.093287 0.046630
46 0.107456 0.054821
50 0.138297 0.071366
55 0.106419 0.053029
60 0.127116 0.062740
66 0.155241 0.075884
72 0.204552 0.091597
79 0.189287 0.092492
86 0.233695 0.099875
94 0.195038 0.085288
103 0.224345 0.092594
113 0.267735 0.109389
124 0.250428 0.111855
136 0.301548 0.119031
149 0.335799 0.124086
163 0.328818 0.122206
179 0.347873 0.125699
196 0.399120 0.132464
215 0.435721 0.140375
236 0.467734 0.138988
259 0.471579 0.142645
284 0.510501 0.147287
312 0.537667 0.145145
343 0.592341 0.139183
377 0.614710 0.140511
414 0.647543 0.145367
455 0.686499 0.138903
500 0.731294 0.132414
550 0.770586 0.130973
605 0.835525 0.124989
665 0.837196 0.120297
731 0.927468 0.104326
804 0.919291 0.114808
884 0.945530 0.103935
972 0.990491 0.097544
1069 1.032815 0.087734
1175 1.045132 0.087575
1292 1.104903 0.081329
1421 1.112097 0.076850
1563 1.138760 0.072946
1719 1.161638 0.068358
1890 1.174543 0.063391
2079 1.189174 0.063387
2286 1.207243 0.058830
2514 1.235879 0.057106
2765 1.245016 0.053005
3041 1.251817 0.048920
3345 1.260980 0.044926
3679 1.280656 0.042462
