1 0.000000 0.000000
2 0.002809 0.001939
3 0.013682 0.008521
4 0.014566 0.009123
5 0.016596 0.009924
6 0.016979 0.009628
7 0.027797 0.015905
8 0.017684 0.010869
9 0.024600 0.013231
10 0.028116 0.016116
11 0.017845 0.009988
12 0.043351 0.024470
13 0.039262 0.023822
14 0.024165 0.013647
15 0.047312 0.025141
16 0.056770 0.030977
17 0.050157 0.028752
18 0.045708 0.025688
19 0.043515 0.023647
20 0.060256 0.033677
22 0.059480 0.033058
24 0.079282 0.040929
26 0.066362 0.033314
28 0.069668 0.036560
30 0.091609 0.047818
33 0.093664 0.048378
36 0.091527 0.047191
39 0.089378 0.046458
42 0.116771 0.055807
46 0.111679 0.055606
50 0.141753 0.070690
55 0.147824 0.073292
60 0.124007 0.060557
66 0.172455 0.082030
72 0.196094 0.092282
79 0.195974 0.088769
86 0.223384 0.097745
94 0.213831 0.092171
103 0.244663 0.105409
113 0.287049 0.115119
124 0.307088 0.116733
136 0.288784 0.116516
149 0.371973 0.131244
163 0.367593 0.136107
179 0.396760 0.131087
196 0.462694 0.142083
215 0.484799 0.143678
236 0.504270 0.137191
259 0.566505 0.143687
284 0.611244 0.146048
312 0.617118 0.145669
343 0.652111 0.142646
377 0.694965 0.135544
414 0.701206 0.135949
455 0.748763 0.140401
500 0.773197 0.135070
550 0.829971 0.120001
605 0.874818 0.116623
665 0.884437 0.113729
731 0.913019 0.115770
804 0.983374 0.097410
884 1.002436 0.094214
972 1.042022 0.090721
1069 1.061804 0.083389
1175 1.106936 0.080623
1292 1.119712 0.077799
1421 1.142158 0.071810
1563 1.155348 0.069666
1719 1.194460 0.062922
1890 1.205316 0.059860
2079 1.221551 0.056501
2286 1.228861 0.053786
2514 1.251509 0.049764
2765 1.261669 0.047275
3041 1.270324 0.045065
3345 1.281757 0.040973
