1 0.000000 0.000000
2 0.007830 0.005366
3 0.015410 0.009581
4 0.018077 0.010625
5 0.034641 0.018159
6 0.046317 0.026453
7 0.037761 0.020930
8 0.047403 0.025497
9 0.043806 0.024724
10 0.068742 0.036579
11 0.052313 0.029881
12 0.096057 0.045158
13 0.062391 0.032870
14 0.079973 0.042210
15 0.097972 0.051262
16 0.090590 0.046518
17 0.080007 0.043082
18 0.105204 0.053892
19 0.091685 0.049419
20 0.103671 0.053182
22 0.134826 0.065335
24 0.141843 0.066558
26 0.136244 0.063756
28 0.137964 0.068432
30 0.124032 0.058781
33 0.175903 0.083722
36 0.206233 0.093860
39 0.235870 0.103242
42 0.215454 0.096729
46 0.223424 0.099136
50 0.234854 0.097033
55 0.260495 0.109266
60 0.290970 0.116501
66 0.313040 0.123623
72 0.350105 0.127613
79 0.368893 0.132699
86 0.393236 0.135991
94 0.409121 0.137770
103 0.410826 0.138138
113 0.514310 0.137527
124 0.539449 0.143434
136 0.543173 0.143683
149 0.586787 0.142166
163 0.645009 0.140153
179 0.656107 0.143050
196 0.725158 0.135596
215 0.706767 0.143179
236 0.767654 0.130034
259 0.806584 0.123402
284 0.847231 0.121753
312 0.886952 0.114223
343 0.912861 0.110887
377 0.967346 0.099601
414 0.980413 0.099188
455 1.052908 0.088307
500 1.045548 0.088418
550 1.085066 0.083571
605 1.107804 0.078082
665 1.125974 0.074157
731 1.155346 0.069522
804 1.177007 0.065856
884 1.192818 0.062902
972 1.219012 0.060147
1069 1.222969 0.055655
1175 1.241479 0.053490
1292 1.255052 0.049287
1421 1.266979 0.044521
1563 1.277743 0.041858
1719 1.289766 0.039655
