1 0.000000 0.000000
2 0.047620 0.030740
3 0.089314 0.051094
4 0.131114 0.066708
5 0.149077 0.074012
6 0.207528 0.094665
7 0.228968 0.100585
8 0.265112 0.117457
9 0.328181 0.123900
10 0.329959 0.120185
11 0.364614 0.129313
12 0.366712 0.138939
13 0.456924 0.140109
14 0.453301 0.138780
15 0.469139 0.142626
16 0.481981 0.145213
17 0.518289 0.148647
18 0.546602 0.143496
19 0.524730 0.150150
20 0.580130 0.144809
22 0.658791 0.143694
24 0.645905 0.143098
26 0.650589 0.144946
28 0.702854 0.139159
30 0.739849 0.129964
33 0.807636 0.129393
36 0.802474 0.128738
39 0.859297 0.123162
42 0.873369 0.121251
46 0.895591 0.114458
50 0.942300 0.103678
55 1.008756 0.097325
60 1.022670 0.094424
66 1.040374 0.091525
72 1.071845 0.084926
79 1.109302 0.077679
86 1.134252 0.073250
94 1.148431 0.073271
103 1.181598 0.069261
113 1.191491 0.064809
124 1.224507 0.060215
136 1.240479 0.057320
149 1.248675 0.054751
163 1.262821 0.051067
179 1.278567 0.047932
196 1.294045 0.045774
