1 0.000000 0.000000
2 0.195283 0.097224
3 0.386441 0.139457
4 0.482875 0.146651
5 0.612113 0.144614
6 0.668176 0.142640
7 0.722304 0.138687
8 0.825568 0.130782
9 0.891324 0.114847
10 0.932349 0.108817
11 0.951035 0.108017
12 1.002770 0.096135
13 1.020529 0.094246
14 1.062273 0.086298
15 1.084356 0.086205
16 1.105460 0.078478
17 1.127982 0.078510
18 1.142420 0.074102
19 1.181253 0.070116
20 1.194699 0.069345
22 1.207937 0.066454
24 1.237750 0.063053
26 1.264372 0.059116
28 1.275617 0.056880
30 1.299211 0.054129
