1 0.000000 0.000000
2 0.010333 0.007055
3 0.015208 0.009549
4 0.011197 0.007151
5 0.012857 0.007386
6 0.024342 0.013236
7 0.030025 0.016016
8 0.028188 0.016797
9 0.028832 0.016048
10 0.045086 0.023092
11 0.021306 0.011243
12 0.048322 0.027174
13 0.063518 0.035588
14 0.045329 0.024117
15 0.048851 0.026461
16 0.032209 0.016423
17 0.071491 0.037136
18 0.053770 0.029459
19 0.055639 0.028788
20 0.076979 0.041354
22 0.092528 0.047648
24 0.082846 0.041452
26 0.094901 0.050064
28 0.087633 0.049925
30 0.095586 0.052086
33 0.087036 0.042065
36 0.104275 0.053656
39 0.132378 0.067176
42 0.130837 0.065951
46 0.158157 0.075684
50 0.165133 0.082283
55 0.189215 0.087249
60 0.200125 0.087824
66 0.244601 0.104228
72 0.216888 0.089491
79 0.242828 0.110727
86 0.294124 0.110781
94 0.287175 0.114824
103 0.295435 0.119080
113 0.322983 0.120516
124 0.397477 0.132372
136 0.403942 0.136034
149 0.439917 0.138805
163 0.437178 0.142548
179 0.495908 0.139996
196 0.521003 0.146936
215 0.556032 0.150887
236 0.587323 0.145531
259 0.616186 0.145993
284 0.676705 0.136475
312 0.695190 0.137780
343 0.754683 0.132714
377 0.743968 0.133589
414 0.817083 0.127163
455 0.833773 0.118056
500 0.907949 0.108904
550 0.929622 0.103953
605 0.957667 0.099896
665 0.990805 0.094498
731 1.009675 0.092526
804 1.062807 0.086698
884 1.075029 0.083669
972 1.112678 0.078638
1069 1.143649 0.072451
1175 1.140868 0.074052
1292 1.177659 0.065363
1421 1.197985 0.062090
1563 1.218101 0.056689
1719 1.227984 0.054841
1890 1.247550 0.052875
2079 1.265146 0.047365
2286 1.271959 0.044570
2514 1.285157 0.041735
