1 0.000000 0.000000
2 0.000274 0.000190
3 0.008241 0.005178
4 0.007029 0.004401
5 0.004922 0.002819
6 0.016727 0.010590
7 0.033375 0.017907
8 0.022133 0.012526
9 0.019515 0.011202
10 0.031613 0.016089
11 0.022405 0.011196
12 0.022297 0.012085
13 0.032623 0.016551
14 0.042257 0.024585
15 0.036568 0.020729
16 0.039945 0.022348
17 0.031127 0.017344
18 0.032355 0.017871
19 0.035124 0.020302
20 0.052604 0.028255
22 0.047199 0.025443
24 0.057854 0.032103
26 0.057942 0.029699
28 0.093336 0.047810
30 0.050193 0.028039
33 0.050014 0.026877
36 0.079418 0.040930
39 0.076351 0.042050
42 0.086318 0.045871
46 0.066758 0.034637
50 0.098246 0.050581
55 0.127010 0.061302
60 0.100111 0.051042
66 0.140474 0.070129
72 0.176400 0.085969
79 0.148945 0.069664
86 0.184522 0.087823
94 0.184341 0.082354
103 0.226351 0.094414
113 0.233013 0.098745
124 0.232489 0.098654
136 0.263063 0.110387
149 0.260988 0.101817
163 0.330691 0.122193
179 0.323063 0.130934
196 0.383757 0.129253
215 0.373456 0.127465
236 0.460799 0.142355
259 0.416902 0.141116
284 0.470222 0.137107
312 0.506853 0.147010
343 0.534031 0.150743
377 0.593894 0.136969
414 0.619425 0.136507
455 0.660703 0.138711
500 0.700952 0.133274
550 0.720963 0.144338
605 0.765348 0.133249
665 0.818081 0.124318
731 0.826141 0.127850
804 0.881960 0.117093
884 0.932116 0.109760
972 0.964299 0.103386
1069 0.999200 0.097394
1175 1.022289 0.091348
1292 1.046101 0.089344
1421 1.070519 0.085641
1563 1.100046 0.079080
1719 1.125184 0.074960
1890 1.154910 0.069864
2079 1.168611 0.068161
2286 1.184252 0.062510
2514 1.213810 0.059511
2765 1.229007 0.056730
3041 1.239759 0.055003
3345 1.256892 0.049300
3679 1.255871 0.046394
4046 1.279176 0.042190
4450 1.287103 0.039561
