1 0.000000 0.000000
2 0.001785 0.001234
3 0.006838 0.004306
4 0.004981 0.002776
5 0.006599 0.003865
6 0.002613 0.001510
7 0.011155 0.005923
8 0.018355 0.010914
9 0.022001 0.012793
10 0.015732 0.008647
11 0.022658 0.011790
12 0.020540 0.012137
13 0.040767 0.021409
14 0.028443 0.016358
15 0.037773 0.021046
16 0.017485 0.010099
17 0.033426 0.019570
18 0.030958 0.017697
19 0.039867 0.021118
20 0.046956 0.024609
22 0.062095 0.032826
24 0.049505 0.028163
26 0.041733 0.021336
28 0.060060 0.033460
30 0.056502 0.030714
33 0.047910 0.027599
36 0.060751 0.034253
39 0.080356 0.041776
42 0.083673 0.044182
46 0.067800 0.037150
50 0.101744 0.052538
55 0.106347 0.054193
60 0.130730 0.063254
66 0.151598 0.074584
72 0.150883 0.074324
79 0.162518 0.080248
86 0.150223 0.073448
94 0.174455 0.082922
103 0.205162 0.092825
113 0.200004 0.092230
124 0.215922 0.094619
136 0.205026 0.086598
149 0.261110 0.108585
163 0.290217 0.112040
179 0.271901 0.114477
196 0.349132 0.130401
215 0.375145 0.133900
236 0.346637 0.125577
259 0.381866 0.138116
284 0.441947 0.142536
312 0.470047 0.148046
343 0.479216 0.143069
377 0.534815 0.145841
414 0.555948 0.144368
455 0.620265 0.148371
500 0.634081 0.143054
550 0.682674 0.142170
605 0.735142 0.126772
665 0.755991 0.127349
731 0.808911 0.127405
804 0.841214 0.123001
884 0.862721 0.119967
972 0.919003 0.109168
1069 0.940772 0.108207
1175 0.980002 0.101071
1292 1.000426 0.096852
1421 1.039754 0.090181
1563 1.075226 0.086060
1719 1.103351 0.081176
1890 1.120017 0.076708
2079 1.147763 0.072006
2286 1.176348 0.066793
2514 1.192767 0.064726
2765 1.200697 0.061842
3041 1.222893 0.055462
3345 1.235327 0.054070
3679 1.250286 0.049551
4046 1.268202 0.045920
4450 1.274124 0.043702
4895 1.285915 0.039334
