1 0.000000 0.000000
2 0.008092 0.005544
3 0.007266 0.004809
4 0.008505 0.004835
5 0.015768 0.009038
6 0.012467 0.007192
7 0.022260 0.013100
8 0.028227 0.015600
9 0.024213 0.012832
10 0.029976 0.016144
11 0.041446 0.021650
12 0.036233 0.019074
13 0.055999 0.033180
14 0.083269 0.043720
15 0.067953 0.035402
16 0.058508 0.031530
17 0.091192 0.045417
18 0.056524 0.029652
19 0.089882 0.046278
20 0.092053 0.047722
22 0.074818 0.040048
24 0.082668 0.044813
26 0.105950 0.053973
28 0.095239 0.048575
30 0.128242 0.061553
33 0.141148 0.068642
36 0.142851 0.071557
39 0.146900 0.069544
42 0.155159 0.076560
46 0.165515 0.078319
50 0.171804 0.080695
55 0.178711 0.084245
60 0.208735 0.096437
66 0.246957 0.100117
72 0.256982 0.111191
79 0.272087 0.111323
86 0.271899 0.110029
94 0.299489 0.114644
103 0.305814 0.125988
113 0.367540 0.134481
124 0.372121 0.132704
136 0.435847 0.141196
149 0.475532 0.141717
163 0.510564 0.140717
179 0.520250 0.150384
196 0.592461 0.145302
215 0.579855 0.149816
236 0.623132 0.143310
259 0.677961 0.134998
284 0.716237 0.137590
312 0.739315 0.131022
343 0.802516 0.125237
377 0.828745 0.121370
414 0.862571 0.115673
455 0.894044 0.111081
500 0.917874 0.116142
550 0.948969 0.107870
605 0.984055 0.096572
665 1.015370 0.094700
731 1.058104 0.085217
804 1.083120 0.083614
884 1.113639 0.075940
972 1.139331 0.071655
1069 1.170031 0.069401
1175 1.176335 0.065841
1292 1.189657 0.062582
1421 1.216274 0.059208
1563 1.229961 0.055860
1719 1.242872 0.052068
1890 1.257749 0.049755
2079 1.267770 0.045622
2286 1.283968 0.042692
