1 0.000000 0.000000
2 0.011699 0.007973
3 0.016502 0.010231
4 0.018106 0.010685
5 0.036091 0.021073
6 0.050693 0.028822
7 0.048969 0.027378
8 0.037368 0.020880
9 0.046804 0.025015
10 0.068193 0.037802
11 0.073285 0.040215
12 0.084084 0.040550
13 0.085948 0.044416
14 0.065108 0.034478
15 0.092762 0.047813
16 0.118735 0.057289
17 0.111321 0.057775
18 0.097579 0.052159
19 0.113773 0.054613
20 0.102630 0.051695
22 0.140574 0.065809
24 0.142101 0.070051
26 0.157869 0.071293
28 0.130282 0.062345
30 0.186320 0.082716
33 0.220341 0.096901
36 0.231805 0.100355
39 0.256709 0.112409
42 0.292399 0.113772
46 0.276834 0.111621
50 0.327350 0.120765
55 0.314605 0.121617
60 0.315838 0.118612
66 0.353977 0.132563
72 0.414942 0.137020
79 0.387844 0.140396
86 0.429469 0.142950
94 0.460072 0.144506
103 0.503865 0.147913
113 0.521092 0.148012
124 0.564333 0.146502
136 0.598598 0.147480
149 0.650362 0.137834
163 0.668326 0.139998
179 0.752911 0.131578
196 0.766527 0.132097
215 0.797892 0.131573
236 0.837569 0.124658
259 0.854832 0.119236
284 0.900889 0.110747
312 0.956285 0.102332
343 0.946398 0.105180
377 1.013810 0.097530
414 1.033860 0.087170
455 1.077437 0.083212
500 1.101215 0.079200
550 1.130500 0.074059
605 1.152925 0.072764
665 1.177972 0.067486
731 1.178295 0.065337
804 1.201298 0.062712
884 1.221051 0.057931
972 1.237386 0.055493
1069 1.251475 0.050426
1175 1.258894 0.046883
1292 1.276367 0.044453
1421 1.289606 0.040648
