1 0.000000 0.000000
2 0.009806 0.006701
3 0.014388 0.008951
4 0.022326 0.013459
5 0.026071 0.014997
6 0.026618 0.015710
7 0.032108 0.017816
8 0.032646 0.018115
9 0.040285 0.021994
10 0.055580 0.030389
11 0.042847 0.022351
12 0.047924 0.025360
13 0.058758 0.030074
14 0.049779 0.025647
15 0.071141 0.036709
16 0.069426 0.037909
17 0.073682 0.041583
18 0.097903 0.050423
19 0.107558 0.052648
20 0.115139 0.056116
22 0.154667 0.073747
24 0.114224 0.058026
26 0.115943 0.057969
28 0.111222 0.053607
30 0.149979 0.071529
33 0.141011 0.069410
36 0.186797 0.082903
39 0.182190 0.084637
42 0.185258 0.087321
46 0.201287 0.092250
50 0.219904 0.095537
55 0.236104 0.105345
60 0.296099 0.117367
66 0.288679 0.110988
72 0.330163 0.129610
79 0.305070 0.119891
86 0.339695 0.129549
94 0.372453 0.132673
103 0.416285 0.138126
113 0.436340 0.136617
124 0.491869 0.139091
136 0.494693 0.143034
149 0.559509 0.142995
163 0.559228 0.143966
179 0.600758 0.145352
196 0.646264 0.143784
215 0.689076 0.141118
236 0.735197 0.136130
259 0.720810 0.136234
284 0.804620 0.126147
312 0.815754 0.128812
343 0.870779 0.116130
377 0.879239 0.114632
414 0.923271 0.110925
455 0.971494 0.100948
500 1.021190 0.089048
550 1.043803 0.088381
605 1.055024 0.088001
665 1.091958 0.081361
731 1.118604 0.076737
804 1.145392 0.069963
884 1.163296 0.069088
972 1.190133 0.065604
1069 1.199113 0.061373
1175 1.219883 0.057225
1292 1.243847 0.053660
1421 1.254387 0.048594
1563 1.267693 0.047551
1719 1.274643 0.044313
1890 1.285267 0.040005
